param nB := 65;
param nG := 8;

param C := 28;

param v :=
0 1
1 1
2 1
3 1
4 1
5 1
6 1
7 1
8 1
9 2
10 1
11 2
12 1
13 1
14 4
15 0
16 3
17 1
18 1
19 2
20 1
21 1
22 1
23 1
24 1
25 1
26 1
27 1
28 1
29 2
30 2
31 1
32 1
33 2
34 2
35 2
36 2
37 1
38 2
39 2
40 1
41 1
42 1
43 1
44 2
45 1
46 1
47 2
48 1
49 1
50 1
51 2
52 2
53 2
54 1
55 2
56 1
57 1
58 1
59 1
60 2
61 1
62 1
63 1
64 1
;

param f :=
0 4 0 4 2289
0 4 1 2 15
0 4 2 4 91
0 4 4 0 12
0 4 5 4 56
0 4 6 0 54
0 4 8 0 6
0 4 9 1 36
0 4 9 3 54
0 4 10 1 0
0 4 11 0 120
0 4 11 2 200
0 4 12 2 20
0 4 14 1 868
0 4 14 2 1085
0 4 14 3 1302
0 4 14 4 1519
0 4 16 1 4
0 4 16 3 6
0 4 17 4 63
0 4 20 3 24
0 4 21 0 9
0 4 23 3 78
0 4 24 3 6
0 4 25 2 75
0 4 27 4 224
0 4 28 0 42
0 4 29 3 576
0 4 30 1 4
0 4 30 3 6
0 4 32 2 75
0 4 33 2 230
0 4 33 4 322
0 4 34 1 68
0 4 34 3 102
0 4 36 3 102
0 4 38 0 27
0 4 39 3 1092
0 4 41 0 63
0 4 42 0 93
0 4 44 2 100
0 4 44 4 140
0 4 45 2 30
0 4 47 1 76
0 4 47 3 114
0 4 48 1 0
0 4 49 0 30
0 4 50 0 0
0 4 52 0 96
0 4 53 0 162
0 4 55 2 65
0 4 55 4 91
0 4 56 4 63
0 4 57 0 9
0 4 58 4 14
0 4 59 1 4
0 4 60 3 42
0 4 63 4 7
0 4 64 3 66
1 2 0 4 12
1 2 1 2 49
1 2 2 4 2
1 2 4 0 5
1 2 5 4 0
1 2 6 0 15
1 2 8 0 0
1 2 9 1 12
1 2 9 3 2
1 2 10 1 0
1 2 11 0 15
1 2 11 2 21
1 2 12 2 0
1 2 14 1 84
1 2 14 2 98
1 2 14 3 14
1 2 14 4 28
1 2 16 1 0
1 2 16 3 0
1 2 17 4 2
1 2 20 3 1
1 2 21 0 0
1 2 23 3 2
1 2 24 3 0
1 2 25 2 28
1 2 27 4 6
1 2 28 0 10
1 2 29 3 8
1 2 30 1 0
1 2 30 3 0
1 2 32 2 0
1 2 33 2 21
1 2 33 4 6
1 2 34 1 12
1 2 34 3 2
1 2 36 3 2
1 2 38 0 5
1 2 39 3 5
1 2 41 0 10
1 2 42 0 20
1 2 44 2 7
1 2 44 4 2
1 2 45 2 0
1 2 47 1 12
1 2 47 3 2
1 2 48 1 0
1 2 49 0 5
1 2 50 0 0
1 2 52 0 10
1 2 53 0 30
1 2 55 2 7
1 2 55 4 2
1 2 56 4 2
1 2 57 0 0
1 2 58 4 6
1 2 59 1 0
1 2 60 3 1
1 2 63 4 0
1 2 64 3 2
2 4 0 4 560
2 4 1 2 90
2 4 2 4 1134
2 4 4 0 30
2 4 5 4 308
2 4 6 0 171
2 4 8 0 12
2 4 9 1 132
2 4 9 3 198
2 4 10 1 0
2 4 11 0 327
2 4 11 2 545
2 4 12 2 75
2 4 14 1 3556
2 4 14 2 4445
2 4 14 3 5334
2 4 14 4 6223
2 4 16 1 76
2 4 16 3 114
2 4 17 4 252
2 4 20 3 48
2 4 21 0 33
2 4 23 3 192
2 4 24 3 48
2 4 25 2 585
2 4 27 4 763
2 4 28 0 165
2 4 29 3 1740
2 4 30 1 12
2 4 30 3 18
2 4 32 2 95
2 4 33 2 890
2 4 33 4 1246
2 4 34 1 240
2 4 34 3 360
2 4 36 3 432
2 4 38 0 102
2 4 39 3 3444
2 4 41 0 150
2 4 42 0 216
2 4 44 2 990
2 4 44 4 1386
2 4 45 2 115
2 4 47 1 200
2 4 47 3 300
2 4 48 1 0
2 4 49 0 138
2 4 50 0 3
2 4 52 0 423
2 4 53 0 456
2 4 55 2 535
2 4 55 4 749
2 4 56 4 133
2 4 57 0 60
2 4 58 4 252
2 4 59 1 0
2 4 60 3 174
2 4 63 4 7
2 4 64 3 222
4 0 0 4 0
4 0 1 2 0
4 0 2 4 0
4 0 4 0 0
4 0 5 4 0
4 0 6 0 0
4 0 8 0 0
4 0 9 1 0
4 0 9 3 0
4 0 10 1 0
4 0 11 0 0
4 0 11 2 0
4 0 12 2 0
4 0 14 1 7
4 0 14 2 14
4 0 14 3 21
4 0 14 4 28
4 0 16 1 0
4 0 16 3 0
4 0 17 4 0
4 0 20 3 0
4 0 21 0 7
4 0 23 3 0
4 0 24 3 3
4 0 25 2 2
4 0 27 4 4
4 0 28 0 7
4 0 29 3 15
4 0 30 1 0
4 0 30 3 0
4 0 32 2 0
4 0 33 2 4
4 0 33 4 8
4 0 34 1 1
4 0 34 3 3
4 0 36 3 0
4 0 38 0 0
4 0 39 3 15
4 0 41 0 0
4 0 42 0 0
4 0 44 2 2
4 0 44 4 4
4 0 45 2 0
4 0 47 1 0
4 0 47 3 0
4 0 48 1 0
4 0 49 0 14
4 0 50 0 0
4 0 52 0 28
4 0 53 0 7
4 0 55 2 0
4 0 55 4 0
4 0 56 4 4
4 0 57 0 7
4 0 58 4 0
4 0 59 1 0
4 0 60 3 3
4 0 63 4 0
4 0 64 3 0
5 4 0 4 84
5 4 1 2 20
5 4 2 4 56
5 4 4 0 6
5 4 5 4 91
5 4 6 0 18
5 4 8 0 3
5 4 9 1 28
5 4 9 3 42
5 4 10 1 0
5 4 11 0 54
5 4 11 2 90
5 4 12 2 15
5 4 14 1 504
5 4 14 2 630
5 4 14 3 756
5 4 14 4 882
5 4 16 1 8
5 4 16 3 12
5 4 17 4 49
5 4 20 3 18
5 4 21 0 9
5 4 23 3 42
5 4 24 3 6
5 4 25 2 85
5 4 27 4 238
5 4 28 0 33
5 4 29 3 264
5 4 30 1 0
5 4 30 3 0
5 4 32 2 10
5 4 33 2 220
5 4 33 4 308
5 4 34 1 60
5 4 34 3 90
5 4 36 3 30
5 4 38 0 12
5 4 39 3 288
5 4 41 0 21
5 4 42 0 45
5 4 44 2 85
5 4 44 4 119
5 4 45 2 45
5 4 47 1 16
5 4 47 3 24
5 4 48 1 0
5 4 49 0 24
5 4 50 0 3
5 4 52 0 75
5 4 53 0 96
5 4 55 2 40
5 4 55 4 56
5 4 56 4 49
5 4 57 0 9
5 4 58 4 56
5 4 59 1 0
5 4 60 3 30
5 4 63 4 0
5 4 64 3 30
6 0 0 4 76
6 0 1 2 6
6 0 2 4 72
6 0 4 0 0
6 0 5 4 76
6 0 6 0 203
6 0 8 0 0
6 0 9 1 14
6 0 9 3 42
6 0 10 1 0
6 0 11 0 308
6 0 11 2 88
6 0 12 2 4
6 0 14 1 358
6 0 14 2 716
6 0 14 3 1074
6 0 14 4 1432
6 0 16 1 9
6 0 16 3 27
6 0 17 4 96
6 0 20 3 15
6 0 21 0 14
6 0 23 3 72
6 0 24 3 3
6 0 25 2 144
6 0 27 4 152
6 0 28 0 371
6 0 29 3 360
6 0 30 1 2
6 0 30 3 6
6 0 32 2 12
6 0 33 2 124
6 0 33 4 248
6 0 34 1 20
6 0 34 3 60
6 0 36 3 30
6 0 38 0 98
6 0 39 3 381
6 0 41 0 210
6 0 42 0 266
6 0 44 2 36
6 0 44 4 72
6 0 45 2 24
6 0 47 1 18
6 0 47 3 54
6 0 48 1 0
6 0 49 0 98
6 0 50 0 0
6 0 52 0 441
6 0 53 0 399
6 0 55 2 56
6 0 55 4 112
6 0 56 4 40
6 0 57 0 35
6 0 58 4 72
6 0 59 1 0
6 0 60 3 72
6 0 63 4 0
6 0 64 3 69
8 0 0 4 12
8 0 1 2 0
8 0 2 4 12
8 0 4 0 0
8 0 5 4 12
8 0 6 0 0
8 0 8 0 7
8 0 9 1 0
8 0 9 3 0
8 0 10 1 0
8 0 11 0 14
8 0 11 2 4
8 0 12 2 0
8 0 14 1 26
8 0 14 2 52
8 0 14 3 78
8 0 14 4 104
8 0 16 1 0
8 0 16 3 0
8 0 17 4 4
8 0 20 3 3
8 0 21 0 0
8 0 23 3 3
8 0 24 3 0
8 0 25 2 2
8 0 27 4 20
8 0 28 0 7
8 0 29 3 24
8 0 30 1 1
8 0 30 3 3
8 0 32 2 2
8 0 33 2 4
8 0 33 4 8
8 0 34 1 5
8 0 34 3 15
8 0 36 3 0
8 0 38 0 0
8 0 39 3 48
8 0 41 0 21
8 0 42 0 7
8 0 44 2 4
8 0 44 4 8
8 0 45 2 2
8 0 47 1 3
8 0 47 3 9
8 0 48 1 0
8 0 49 0 7
8 0 50 0 0
8 0 52 0 49
8 0 53 0 42
8 0 55 2 2
8 0 55 4 4
8 0 56 4 4
8 0 57 0 14
8 0 58 4 4
8 0 59 1 0
8 0 60 3 6
8 0 63 4 0
8 0 64 3 6
9 1 0 4 171
9 3 0 4 57
9 1 1 2 4
9 3 1 2 24
9 1 2 4 147
9 3 2 4 49
9 1 4 0 12
9 3 4 0 8
9 1 5 4 84
9 3 5 4 28
9 1 6 0 264
9 3 6 0 176
9 1 8 0 6
9 3 8 0 4
9 1 9 1 2765
9 1 9 3 790
9 3 9 1 1975
9 3 9 3 2765
9 1 10 1 0
9 3 10 1 0
9 1 11 0 510
9 1 11 2 85
9 3 11 0 340
9 3 11 2 510
9 1 12 2 13
9 3 12 2 78
9 1 14 1 9212
9 1 14 2 1316
9 1 14 3 2632
9 1 14 4 3948
9 3 14 1 6580
9 3 14 2 7896
9 3 14 3 9212
9 3 14 4 1316
9 1 16 1 28
9 1 16 3 8
9 3 16 1 20
9 3 16 3 28
9 1 17 4 111
9 3 17 4 37
9 1 20 3 24
9 3 20 3 84
9 1 21 0 96
9 3 21 0 64
9 1 23 3 96
9 3 23 3 336
9 1 24 3 4
9 3 24 3 14
9 1 25 2 104
9 3 25 2 624
9 1 27 4 258
9 3 27 4 86
9 1 28 0 324
9 3 28 0 216
9 1 29 3 532
9 3 29 3 1862
9 1 30 1 28
9 1 30 3 8
9 3 30 1 20
9 3 30 3 28
9 1 32 2 21
9 3 32 2 126
9 1 33 2 155
9 1 33 4 465
9 3 33 2 930
9 3 33 4 155
9 1 34 1 693
9 1 34 3 198
9 3 34 1 495
9 3 34 3 693
9 1 36 3 164
9 3 36 3 574
9 1 38 0 246
9 3 38 0 164
9 1 39 3 2446
9 3 39 3 8561
9 1 41 0 348
9 3 41 0 232
9 1 42 0 390
9 3 42 0 260
9 1 44 2 107
9 1 44 4 321
9 3 44 2 642
9 3 44 4 107
9 1 45 2 31
9 3 45 2 186
9 1 47 1 1015
9 1 47 3 290
9 3 47 1 725
9 3 47 3 1015
9 1 48 1 0
9 3 48 1 0
9 1 49 0 288
9 3 49 0 192
9 1 50 0 72
9 3 50 0 48
9 1 52 0 1314
9 3 52 0 876
9 1 53 0 1086
9 3 53 0 724
9 1 55 2 71
9 1 55 4 213
9 3 55 2 426
9 3 55 4 71
9 1 56 4 138
9 3 56 4 46
9 1 57 0 72
9 3 57 0 48
9 1 58 4 72
9 3 58 4 24
9 1 59 1 0
9 3 59 1 0
9 1 60 3 106
9 3 60 3 371
9 1 63 4 0
9 3 63 4 0
9 1 64 3 214
9 3 64 3 749
10 1 0 4 0
10 1 1 2 0
10 1 2 4 0
10 1 4 0 0
10 1 5 4 0
10 1 6 0 0
10 1 8 0 0
10 1 9 1 0
10 1 9 3 0
10 1 10 1 0
10 1 11 0 0
10 1 11 2 0
10 1 12 2 0
10 1 14 1 0
10 1 14 2 0
10 1 14 3 0
10 1 14 4 0
10 1 16 1 0
10 1 16 3 0
10 1 17 4 0
10 1 20 3 0
10 1 21 0 0
10 1 23 3 0
10 1 24 3 0
10 1 25 2 0
10 1 27 4 0
10 1 28 0 0
10 1 29 3 0
10 1 30 1 0
10 1 30 3 0
10 1 32 2 0
10 1 33 2 0
10 1 33 4 0
10 1 34 1 0
10 1 34 3 0
10 1 36 3 0
10 1 38 0 0
10 1 39 3 0
10 1 41 0 0
10 1 42 0 0
10 1 44 2 0
10 1 44 4 0
10 1 45 2 0
10 1 47 1 0
10 1 47 3 0
10 1 48 1 0
10 1 49 0 0
10 1 50 0 0
10 1 52 0 0
10 1 53 0 0
10 1 55 2 0
10 1 55 4 0
10 1 56 4 0
10 1 57 0 0
10 1 58 4 0
10 1 59 1 0
10 1 60 3 0
10 1 63 4 0
10 1 64 3 0
11 0 0 4 476
11 2 0 4 238
11 0 1 2 30
11 2 1 2 105
11 0 2 4 376
11 2 2 4 188
11 0 4 0 105
11 2 4 0 75
11 0 5 4 220
11 2 5 4 110
11 0 6 0 511
11 2 6 0 365
11 0 8 0 77
11 2 8 0 55
11 0 9 1 99
11 0 9 3 297
11 2 9 1 594
11 2 9 3 99
11 0 10 1 0
11 2 10 1 0
11 0 11 0 2086
11 0 11 2 596
11 2 11 0 1490
11 2 11 2 2086
11 0 12 2 22
11 2 12 2 77
11 0 14 1 1582
11 0 14 2 3164
11 0 14 3 4746
11 0 14 4 6328
11 2 14 1 9492
11 2 14 2 11074
11 2 14 3 1582
11 2 14 4 3164
11 0 16 1 2
11 0 16 3 6
11 2 16 1 12
11 2 16 3 2
11 0 17 4 340
11 2 17 4 170
11 0 20 3 36
11 2 20 3 12
11 0 21 0 112
11 2 21 0 80
11 0 23 3 219
11 2 23 3 73
11 0 24 3 33
11 2 24 3 11
11 0 25 2 464
11 2 25 2 1624
11 0 27 4 776
11 2 27 4 388
11 0 28 0 840
11 2 28 0 600
11 0 29 3 1380
11 2 29 3 460
11 0 30 1 3
11 0 30 3 9
11 2 30 1 18
11 2 30 3 3
11 0 32 2 178
11 2 32 2 623
11 0 33 2 624
11 0 33 4 1248
11 2 33 2 2184
11 2 33 4 624
11 0 34 1 125
11 0 34 3 375
11 2 34 1 750
11 2 34 3 125
11 0 36 3 360
11 2 36 3 120
11 0 38 0 462
11 2 38 0 330
11 0 39 3 2592
11 2 39 3 864
11 0 41 0 819
11 2 41 0 585
11 0 42 0 1022
11 2 42 0 730
11 0 44 2 290
11 0 44 4 580
11 2 44 2 1015
11 2 44 4 290
11 0 45 2 82
11 2 45 2 287
11 0 47 1 87
11 0 47 3 261
11 2 47 1 522
11 2 47 3 87
11 0 48 1 0
11 2 48 1 0
11 0 49 0 609
11 2 49 0 435
11 0 50 0 14
11 2 50 0 10
11 0 52 0 2023
11 2 52 0 1445
11 0 53 0 2107
11 2 53 0 1505
11 0 55 2 248
11 0 55 4 496
11 2 55 2 868
11 2 55 4 248
11 0 56 4 344
11 2 56 4 172
11 0 57 0 301
11 2 57 0 215
11 0 58 4 232
11 2 58 4 116
11 0 59 1 1
11 2 59 1 6
11 0 60 3 171
11 2 60 3 57
11 0 63 4 24
11 2 63 4 12
11 0 64 3 390
11 2 64 3 130
12 2 0 4 10
12 2 1 2 0
12 2 2 4 10
12 2 4 0 0
12 2 5 4 2
12 2 6 0 10
12 2 8 0 0
12 2 9 1 78
12 2 9 3 13
12 2 10 1 0
12 2 11 0 60
12 2 11 2 84
12 2 12 2 49
12 2 14 1 702
12 2 14 2 819
12 2 14 3 117
12 2 14 4 234
12 2 16 1 6
12 2 16 3 1
12 2 17 4 10
12 2 20 3 1
12 2 21 0 5
12 2 23 3 10
12 2 24 3 0
12 2 25 2 35
12 2 27 4 6
12 2 28 0 10
12 2 29 3 17
12 2 30 1 6
12 2 30 3 1
12 2 32 2 35
12 2 33 2 77
12 2 33 4 22
12 2 34 1 48
12 2 34 3 8
12 2 36 3 8
12 2 38 0 25
12 2 39 3 125
12 2 41 0 25
12 2 42 0 10
12 2 44 2 56
12 2 44 4 16
12 2 45 2 7
12 2 47 1 42
12 2 47 3 7
12 2 48 1 0
12 2 49 0 35
12 2 50 0 20
12 2 52 0 125
12 2 53 0 95
12 2 55 2 49
12 2 55 4 14
12 2 56 4 4
12 2 57 0 5
12 2 58 4 6
12 2 59 1 0
12 2 60 3 9
12 2 63 4 0
12 2 64 3 7
14 1 0 4 471
14 2 0 4 314
14 3 0 4 157
14 4 0 4 1099
14 1 1 2 35
14 2 1 2 245
14 3 1 2 210
14 4 1 2 175
14 1 2 4 354
14 2 2 4 236
14 3 2 4 118
14 4 2 4 826
14 1 4 0 102
14 2 4 0 85
14 3 4 0 68
14 4 4 0 51
14 1 5 4 243
14 2 5 4 162
14 3 5 4 81
14 4 5 4 567
14 1 6 0 540
14 2 6 0 450
14 3 6 0 360
14 4 6 0 270
14 1 8 0 42
14 2 8 0 35
14 3 8 0 28
14 4 8 0 21
14 1 9 1 714
14 1 9 3 204
14 2 9 1 612
14 2 9 3 102
14 3 9 1 510
14 3 9 3 714
14 4 9 1 408
14 4 9 3 612
14 1 10 1 0
14 2 10 1 0
14 3 10 1 0
14 4 10 1 0
14 1 11 0 1296
14 1 11 2 216
14 2 11 0 1080
14 2 11 2 1512
14 3 11 0 864
14 3 11 2 1296
14 4 11 0 648
14 4 11 2 1080
14 1 12 2 11
14 2 12 2 77
14 3 12 2 66
14 4 12 2 55
14 1 14 1 9919
14 1 14 2 1417
14 1 14 3 2834
14 1 14 4 4251
14 2 14 1 8502
14 2 14 2 9919
14 2 14 3 1417
14 2 14 4 2834
14 3 14 1 7085
14 3 14 2 8502
14 3 14 3 9919
14 3 14 4 1417
14 4 14 1 5668
14 4 14 2 7085
14 4 14 3 8502
14 4 14 4 9919
14 1 16 1 21
14 1 16 3 6
14 2 16 1 18
14 2 16 3 3
14 3 16 1 15
14 3 16 3 21
14 4 16 1 12
14 4 16 3 18
14 1 17 4 279
14 2 17 4 186
14 3 17 4 93
14 4 17 4 651
14 1 20 3 28
14 2 20 3 14
14 3 20 3 98
14 4 20 3 84
14 1 21 0 72
14 2 21 0 60
14 3 21 0 48
14 4 21 0 36
14 1 23 3 146
14 2 23 3 73
14 3 23 3 511
14 4 23 3 438
14 1 24 3 20
14 2 24 3 10
14 3 24 3 70
14 4 24 3 60
14 1 25 2 261
14 2 25 2 1827
14 3 25 2 1566
14 4 25 2 1305
14 1 27 4 537
14 2 27 4 358
14 3 27 4 179
14 4 27 4 1253
14 1 28 0 480
14 2 28 0 400
14 3 28 0 320
14 4 28 0 240
14 1 29 3 1182
14 2 29 3 591
14 3 29 3 4137
14 4 29 3 3546
14 1 30 1 21
14 1 30 3 6
14 2 30 1 18
14 2 30 3 3
14 3 30 1 15
14 3 30 3 21
14 4 30 1 12
14 4 30 3 18
14 1 32 2 102
14 2 32 2 714
14 3 32 2 612
14 4 32 2 510
14 1 33 2 285
14 1 33 4 855
14 2 33 2 1995
14 2 33 4 570
14 3 33 2 1710
14 3 33 4 285
14 4 33 2 1425
14 4 33 4 1995
14 1 34 1 770
14 1 34 3 220
14 2 34 1 660
14 2 34 3 110
14 3 34 1 550
14 3 34 3 770
14 4 34 1 440
14 4 34 3 660
14 1 36 3 240
14 2 36 3 120
14 3 36 3 840
14 4 36 3 720
14 1 38 0 384
14 2 38 0 320
14 3 38 0 256
14 4 38 0 192
14 1 39 3 5080
14 2 39 3 2540
14 3 39 3 17780
14 4 39 3 15240
14 1 41 0 720
14 2 41 0 600
14 3 41 0 480
14 4 41 0 360
14 1 42 0 1104
14 2 42 0 920
14 3 42 0 736
14 4 42 0 552
14 1 44 2 249
14 1 44 4 747
14 2 44 2 1743
14 2 44 4 498
14 3 44 2 1494
14 3 44 4 249
14 4 44 2 1245
14 4 44 4 1743
14 1 45 2 51
14 2 45 2 357
14 3 45 2 306
14 4 45 2 255
14 1 47 1 693
14 1 47 3 198
14 2 47 1 594
14 2 47 3 99
14 3 47 1 495
14 3 47 3 693
14 4 47 1 396
14 4 47 3 594
14 1 48 1 0
14 2 48 1 0
14 3 48 1 0
14 4 48 1 0
14 1 49 0 612
14 2 49 0 510
14 3 49 0 408
14 4 49 0 306
14 1 50 0 30
14 2 50 0 25
14 3 50 0 20
14 4 50 0 15
14 1 52 0 2220
14 2 52 0 1850
14 3 52 0 1480
14 4 52 0 1110
14 1 53 0 1986
14 2 53 0 1655
14 3 53 0 1324
14 4 53 0 993
14 1 55 2 147
14 1 55 4 441
14 2 55 2 1029
14 2 55 4 294
14 3 55 2 882
14 3 55 4 147
14 4 55 2 735
14 4 55 4 1029
14 1 56 4 375
14 2 56 4 250
14 3 56 4 125
14 4 56 4 875
14 1 57 0 318
14 2 57 0 265
14 3 57 0 212
14 4 57 0 159
14 1 58 4 135
14 2 58 4 90
14 3 58 4 45
14 4 58 4 315
14 1 59 1 21
14 2 59 1 18
14 3 59 1 15
14 4 59 1 12
14 1 60 3 166
14 2 60 3 83
14 3 60 3 581
14 4 60 3 498
14 1 63 4 18
14 2 63 4 12
14 3 63 4 6
14 4 63 4 42
14 1 64 3 374
14 2 64 3 187
14 3 64 3 1309
14 4 64 3 1122
16 1 0 4 3
16 3 0 4 1
16 1 1 2 0
16 3 1 2 0
16 1 2 4 6
16 3 2 4 2
16 1 4 0 0
16 3 4 0 0
16 1 5 4 177
16 3 5 4 59
16 1 6 0 24
16 3 6 0 16
16 1 8 0 0
16 3 8 0 0
16 1 9 1 14
16 1 9 3 4
16 3 9 1 10
16 3 9 3 14
16 1 10 1 0
16 3 10 1 0
16 1 11 0 36
16 1 11 2 6
16 3 11 0 24
16 3 11 2 36
16 1 12 2 0
16 3 12 2 0
16 1 14 1 35
16 1 14 2 5
16 1 14 3 10
16 1 14 4 15
16 3 14 1 25
16 3 14 2 30
16 3 14 3 35
16 3 14 4 5
16 1 16 1 7
16 1 16 3 2
16 3 16 1 5
16 3 16 3 7
16 1 17 4 0
16 3 17 4 0
16 1 20 3 2
16 3 20 3 7
16 1 21 0 6
16 3 21 0 4
16 1 23 3 4
16 3 23 3 14
16 1 24 3 0
16 3 24 3 0
16 1 25 2 1
16 3 25 2 6
16 1 27 4 6
16 3 27 4 2
16 1 28 0 18
16 3 28 0 12
16 1 29 3 16
16 3 29 3 56
16 1 30 1 0
16 1 30 3 0
16 3 30 1 0
16 3 30 3 0
16 1 32 2 0
16 3 32 2 0
16 1 33 2 8
16 1 33 4 24
16 3 33 2 48
16 3 33 4 8
16 1 34 1 7
16 1 34 3 2
16 3 34 1 5
16 3 34 3 7
16 1 36 3 2
16 3 36 3 7
16 1 38 0 6
16 3 38 0 4
16 1 39 3 14
16 3 39 3 49
16 1 41 0 18
16 3 41 0 12
16 1 42 0 12
16 3 42 0 8
16 1 44 2 1
16 1 44 4 3
16 3 44 2 6
16 3 44 4 1
16 1 45 2 2
16 3 45 2 12
16 1 47 1 28
16 1 47 3 8
16 3 47 1 20
16 3 47 3 28
16 1 48 1 0
16 3 48 1 0
16 1 49 0 6
16 3 49 0 4
16 1 50 0 0
16 3 50 0 0
16 1 52 0 6
16 3 52 0 4
16 1 53 0 18
16 3 53 0 12
16 1 55 2 1
16 1 55 4 3
16 3 55 2 6
16 3 55 4 1
16 1 56 4 0
16 3 56 4 0
16 1 57 0 0
16 3 57 0 0
16 1 58 4 0
16 3 58 4 0
16 1 59 1 7
16 3 59 1 5
16 1 60 3 82
16 3 60 3 287
16 1 63 4 0
16 3 63 4 0
16 1 64 3 4
16 3 64 3 14
17 4 0 4 133
17 4 1 2 5
17 4 2 4 84
17 4 4 0 6
17 4 5 4 56
17 4 6 0 39
17 4 8 0 3
17 4 9 1 52
17 4 9 3 78
17 4 10 1 0
17 4 11 0 69
17 4 11 2 115
17 4 12 2 5
17 4 14 1 988
17 4 14 2 1235
17 4 14 3 1482
17 4 14 4 1729
17 4 16 1 20
17 4 16 3 30
17 4 17 4 210
17 4 20 3 0
17 4 21 0 6
17 4 23 3 78
17 4 24 3 6
17 4 25 2 130
17 4 27 4 133
17 4 28 0 51
17 4 29 3 504
17 4 30 1 0
17 4 30 3 0
17 4 32 2 25
17 4 33 2 250
17 4 33 4 350
17 4 34 1 60
17 4 34 3 90
17 4 36 3 78
17 4 38 0 27
17 4 39 3 1116
17 4 41 0 51
17 4 42 0 81
17 4 44 2 80
17 4 44 4 112
17 4 45 2 20
17 4 47 1 44
17 4 47 3 66
17 4 48 1 0
17 4 49 0 39
17 4 50 0 3
17 4 52 0 120
17 4 53 0 69
17 4 55 2 65
17 4 55 4 91
17 4 56 4 84
17 4 57 0 12
17 4 58 4 77
17 4 59 1 0
17 4 60 3 78
17 4 63 4 7
17 4 64 3 120
20 3 0 4 15
20 3 1 2 0
20 3 2 4 5
20 3 4 0 8
20 3 5 4 4
20 3 6 0 36
20 3 8 0 0
20 3 9 1 40
20 3 9 3 56
20 3 10 1 0
20 3 11 0 68
20 3 11 2 102
20 3 12 2 12
20 3 14 1 680
20 3 14 2 816
20 3 14 3 952
20 3 14 4 136
20 3 16 1 5
20 3 16 3 7
20 3 17 4 7
20 3 20 3 84
20 3 21 0 4
20 3 23 3 77
20 3 24 3 0
20 3 25 2 150
20 3 27 4 16
20 3 28 0 60
20 3 29 3 399
20 3 30 1 0
20 3 30 3 0
20 3 32 2 12
20 3 33 2 192
20 3 33 4 32
20 3 34 1 50
20 3 34 3 70
20 3 36 3 63
20 3 38 0 24
20 3 39 3 616
20 3 41 0 48
20 3 42 0 84
20 3 44 2 90
20 3 44 4 15
20 3 45 2 24
20 3 47 1 90
20 3 47 3 126
20 3 48 1 0
20 3 49 0 4
20 3 50 0 4
20 3 52 0 140
20 3 53 0 136
20 3 55 2 84
20 3 55 4 14
20 3 56 4 6
20 3 57 0 24
20 3 58 4 6
20 3 59 1 0
20 3 60 3 35
20 3 63 4 0
20 3 64 3 56
21 0 0 4 20
21 0 1 2 4
21 0 2 4 0
21 0 4 0 0
21 0 5 4 8
21 0 6 0 35
21 0 8 0 0
21 0 9 1 2
21 0 9 3 6
21 0 10 1 0
21 0 11 0 56
21 0 11 2 16
21 0 12 2 2
21 0 14 1 32
21 0 14 2 64
21 0 14 3 96
21 0 14 4 128
21 0 16 1 4
21 0 16 3 12
21 0 17 4 8
21 0 20 3 0
21 0 21 0 77
21 0 23 3 6
21 0 24 3 6
21 0 25 2 20
21 0 27 4 0
21 0 28 0 28
21 0 29 3 45
21 0 30 1 0
21 0 30 3 0
21 0 32 2 0
21 0 33 2 18
21 0 33 4 36
21 0 34 1 7
21 0 34 3 21
21 0 36 3 3
21 0 38 0 7
21 0 39 3 126
21 0 41 0 14
21 0 42 0 42
21 0 44 2 0
21 0 44 4 0
21 0 45 2 4
21 0 47 1 4
21 0 47 3 12
21 0 48 1 0
21 0 49 0 28
21 0 50 0 63
21 0 52 0 21
21 0 53 0 56
21 0 55 2 4
21 0 55 4 8
21 0 56 4 0
21 0 57 0 21
21 0 58 4 4
21 0 59 1 0
21 0 60 3 6
21 0 63 4 0
21 0 64 3 6
23 3 0 4 6
23 3 1 2 0
23 3 2 4 4
23 3 4 0 12
23 3 5 4 5
23 3 6 0 12
23 3 8 0 0
23 3 9 1 35
23 3 9 3 49
23 3 10 1 0
23 3 11 0 28
23 3 11 2 42
23 3 12 2 0
23 3 14 1 585
23 3 14 2 702
23 3 14 3 819
23 3 14 4 117
23 3 16 1 5
23 3 16 3 7
23 3 17 4 3
23 3 20 3 14
23 3 21 0 8
23 3 23 3 14
23 3 24 3 14
23 3 25 2 42
23 3 27 4 12
23 3 28 0 28
23 3 29 3 175
23 3 30 1 5
23 3 30 3 7
23 3 32 2 6
23 3 33 2 102
23 3 33 4 17
23 3 34 1 40
23 3 34 3 56
23 3 36 3 49
23 3 38 0 16
23 3 39 3 525
23 3 41 0 24
23 3 42 0 48
23 3 44 2 66
23 3 44 4 11
23 3 45 2 0
23 3 47 1 75
23 3 47 3 105
23 3 48 1 0
23 3 49 0 12
23 3 50 0 8
23 3 52 0 132
23 3 53 0 108
23 3 55 2 54
23 3 55 4 9
23 3 56 4 9
23 3 57 0 4
23 3 58 4 4
23 3 59 1 0
23 3 60 3 28
23 3 63 4 0
23 3 64 3 28
24 3 0 4 4
24 3 1 2 0
24 3 2 4 2
24 3 4 0 0
24 3 5 4 0
24 3 6 0 16
24 3 8 0 0
24 3 9 1 15
24 3 9 3 21
24 3 10 1 0
24 3 11 0 32
24 3 11 2 48
24 3 12 2 6
24 3 14 1 215
24 3 14 2 258
24 3 14 3 301
24 3 14 4 43
24 3 16 1 5
24 3 16 3 7
24 3 17 4 6
24 3 20 3 7
24 3 21 0 4
24 3 23 3 14
24 3 24 3 14
24 3 25 2 48
24 3 27 4 10
24 3 28 0 28
24 3 29 3 98
24 3 30 1 0
24 3 30 3 0
24 3 32 2 0
24 3 33 2 78
24 3 33 4 13
24 3 34 1 15
24 3 34 3 21
24 3 36 3 35
24 3 38 0 4
24 3 39 3 315
24 3 41 0 20
24 3 42 0 16
24 3 44 2 18
24 3 44 4 3
24 3 45 2 0
24 3 47 1 5
24 3 47 3 7
24 3 48 1 0
24 3 49 0 8
24 3 50 0 0
24 3 52 0 36
24 3 53 0 36
24 3 55 2 12
24 3 55 4 2
24 3 56 4 4
24 3 57 0 0
24 3 58 4 2
24 3 59 1 0
24 3 60 3 35
24 3 63 4 1
24 3 64 3 21
25 2 0 4 52
25 2 1 2 7
25 2 2 4 28
25 2 4 0 10
25 2 5 4 28
25 2 6 0 70
25 2 8 0 20
25 2 9 1 126
25 2 9 3 21
25 2 10 1 0
25 2 11 0 145
25 2 11 2 203
25 2 12 2 0
25 2 14 1 1830
25 2 14 2 2135
25 2 14 3 305
25 2 14 4 610
25 2 16 1 6
25 2 16 3 1
25 2 17 4 34
25 2 20 3 2
25 2 21 0 20
25 2 23 3 11
25 2 24 3 5
25 2 25 2 406
25 2 27 4 106
25 2 28 0 75
25 2 29 3 88
25 2 30 1 6
25 2 30 3 1
25 2 32 2 49
25 2 33 2 357
25 2 33 4 102
25 2 34 1 84
25 2 34 3 14
25 2 36 3 21
25 2 38 0 35
25 2 39 3 283
25 2 41 0 80
25 2 42 0 155
25 2 44 2 203
25 2 44 4 58
25 2 45 2 28
25 2 47 1 132
25 2 47 3 22
25 2 48 1 0
25 2 49 0 75
25 2 50 0 10
25 2 52 0 230
25 2 53 0 210
25 2 55 2 119
25 2 55 4 34
25 2 56 4 16
25 2 57 0 20
25 2 58 4 24
25 2 59 1 0
25 2 60 3 13
25 2 63 4 0
25 2 64 3 22
27 4 0 4 70
27 4 1 2 0
27 4 2 4 56
27 4 4 0 0
27 4 5 4 35
27 4 6 0 30
27 4 8 0 0
27 4 9 1 20
27 4 9 3 30
27 4 10 1 0
27 4 11 0 51
27 4 11 2 85
27 4 12 2 20
27 4 14 1 548
27 4 14 2 685
27 4 14 3 822
27 4 14 4 959
27 4 16 1 8
27 4 16 3 12
27 4 17 4 28
27 4 20 3 24
27 4 21 0 6
27 4 23 3 24
27 4 24 3 12
27 4 25 2 65
27 4 27 4 259
27 4 28 0 27
27 4 29 3 288
27 4 30 1 0
27 4 30 3 0
27 4 32 2 50
27 4 33 2 155
27 4 33 4 217
27 4 34 1 32
27 4 34 3 48
27 4 36 3 30
27 4 38 0 9
27 4 39 3 336
27 4 41 0 36
27 4 42 0 15
27 4 44 2 45
27 4 44 4 63
27 4 45 2 10
27 4 47 1 28
27 4 47 3 42
27 4 48 1 0
27 4 49 0 15
27 4 50 0 0
27 4 52 0 45
27 4 53 0 81
27 4 55 2 50
27 4 55 4 70
27 4 56 4 63
27 4 57 0 0
27 4 58 4 49
27 4 59 1 0
27 4 60 3 30
27 4 63 4 0
27 4 64 3 48
28 0 0 4 24
28 0 1 2 2
28 0 2 4 16
28 0 4 0 0
28 0 5 4 8
28 0 6 0 14
28 0 8 0 0
28 0 9 1 2
28 0 9 3 6
28 0 10 1 0
28 0 11 0 28
28 0 11 2 8
28 0 12 2 2
28 0 14 1 62
28 0 14 2 124
28 0 14 3 186
28 0 14 4 248
28 0 16 1 3
28 0 16 3 9
28 0 17 4 20
28 0 20 3 0
28 0 21 0 14
28 0 23 3 3
28 0 24 3 3
28 0 25 2 10
28 0 27 4 32
28 0 28 0 168
28 0 29 3 57
28 0 30 1 0
28 0 30 3 0
28 0 32 2 4
28 0 33 2 20
28 0 33 4 40
28 0 34 1 3
28 0 34 3 9
28 0 36 3 6
28 0 38 0 14
28 0 39 3 177
28 0 41 0 7
28 0 42 0 91
28 0 44 2 12
28 0 44 4 24
28 0 45 2 6
28 0 47 1 1
28 0 47 3 3
28 0 48 1 0
28 0 49 0 21
28 0 50 0 0
28 0 52 0 70
28 0 53 0 91
28 0 55 2 6
28 0 55 4 12
28 0 56 4 8
28 0 57 0 7
28 0 58 4 8
28 0 59 1 0
28 0 60 3 15
28 0 63 4 0
28 0 64 3 12
29 3 0 4 138
29 3 1 2 96
29 3 2 4 86
29 3 4 0 96
29 3 5 4 68
29 3 6 0 356
29 3 8 0 24
29 3 9 1 350
29 3 9 3 490
29 3 10 1 0
29 3 11 0 664
29 3 11 2 996
29 3 12 2 48
29 3 14 1 6980
29 3 14 2 8376
29 3 14 3 9772
29 3 14 4 1396
29 3 16 1 10
29 3 16 3 14
29 3 17 4 56
29 3 20 3 182
29 3 21 0 48
29 3 23 3 483
29 3 24 3 49
29 3 25 2 1380
29 3 27 4 300
29 3 28 0 608
29 3 29 3 1722
29 3 30 1 35
29 3 30 3 49
29 3 32 2 318
29 3 33 2 2094
29 3 33 4 349
29 3 34 1 600
29 3 34 3 840
29 3 36 3 644
29 3 38 0 228
29 3 39 3 6237
29 3 41 0 428
29 3 42 0 472
29 3 44 2 552
29 3 44 4 92
29 3 45 2 306
29 3 47 1 530
29 3 47 3 742
29 3 48 1 0
29 3 49 0 304
29 3 50 0 12
29 3 52 0 1200
29 3 53 0 912
29 3 55 2 696
29 3 55 4 116
29 3 56 4 101
29 3 57 0 116
29 3 58 4 58
29 3 59 1 0
29 3 60 3 588
29 3 63 4 1
29 3 64 3 826
30 1 0 4 33
30 3 0 4 11
30 1 1 2 0
30 3 1 2 0
30 1 2 4 21
30 3 2 4 7
30 1 4 0 12
30 3 4 0 8
30 1 5 4 12
30 3 5 4 4
30 1 6 0 36
30 3 6 0 24
30 1 8 0 0
30 3 8 0 0
30 1 9 1 35
30 1 9 3 10
30 3 9 1 25
30 3 9 3 35
30 1 10 1 0
30 3 10 1 0
30 1 11 0 66
30 1 11 2 11
30 3 11 0 44
30 3 11 2 66
30 1 12 2 1
30 3 12 2 6
30 1 14 1 868
30 1 14 2 124
30 1 14 3 248
30 1 14 4 372
30 3 14 1 620
30 3 14 2 744
30 3 14 3 868
30 3 14 4 124
30 1 16 1 14
30 1 16 3 4
30 3 16 1 10
30 3 16 3 14
30 1 17 4 12
30 3 17 4 4
30 1 20 3 4
30 3 20 3 14
30 1 21 0 0
30 3 21 0 0
30 1 23 3 22
30 3 23 3 77
30 1 24 3 0
30 3 24 3 0
30 1 25 2 12
30 3 25 2 72
30 1 27 4 24
30 3 27 4 8
30 1 28 0 96
30 3 28 0 64
30 1 29 3 72
30 3 29 3 252
30 1 30 1 7
30 1 30 3 2
30 3 30 1 5
30 3 30 3 7
30 1 32 2 1
30 3 32 2 6
30 1 33 2 24
30 1 33 4 72
30 3 33 2 144
30 3 33 4 24
30 1 34 1 56
30 1 34 3 16
30 3 34 1 40
30 3 34 3 56
30 1 36 3 16
30 3 36 3 56
30 1 38 0 12
30 3 38 0 8
30 1 39 3 146
30 3 39 3 511
30 1 41 0 30
30 3 41 0 20
30 1 42 0 60
30 3 42 0 40
30 1 44 2 7
30 1 44 4 21
30 3 44 2 42
30 3 44 4 7
30 1 45 2 0
30 3 45 2 0
30 1 47 1 105
30 1 47 3 30
30 3 47 1 75
30 3 47 3 105
30 1 48 1 0
30 3 48 1 0
30 1 49 0 6
30 3 49 0 4
30 1 50 0 0
30 3 50 0 0
30 1 52 0 96
30 3 52 0 64
30 1 53 0 66
30 3 53 0 44
30 1 55 2 7
30 1 55 4 21
30 3 55 2 42
30 3 55 4 7
30 1 56 4 18
30 3 56 4 6
30 1 57 0 12
30 3 57 0 8
30 1 58 4 9
30 3 58 4 3
30 1 59 1 0
30 3 59 1 0
30 1 60 3 8
30 3 60 3 28
30 1 63 4 0
30 3 63 4 0
30 1 64 3 22
30 3 64 3 77
32 2 0 4 86
32 2 1 2 42
32 2 2 4 30
32 2 4 0 25
32 2 5 4 24
32 2 6 0 60
32 2 8 0 5
32 2 9 1 114
32 2 9 3 19
32 2 10 1 0
32 2 11 0 185
32 2 11 2 259
32 2 12 2 49
32 2 14 1 1896
32 2 14 2 2212
32 2 14 3 316
32 2 14 4 632
32 2 16 1 6
32 2 16 3 1
32 2 17 4 30
32 2 20 3 9
32 2 21 0 20
32 2 23 3 16
32 2 24 3 3
32 2 25 2 336
32 2 27 4 176
32 2 28 0 175
32 2 29 3 138
32 2 30 1 0
32 2 30 3 0
32 2 32 2 231
32 2 33 2 462
32 2 33 4 132
32 2 34 1 144
32 2 34 3 24
32 2 36 3 25
32 2 38 0 105
32 2 39 3 106
32 2 41 0 125
32 2 42 0 190
32 2 44 2 126
32 2 44 4 36
32 2 45 2 56
32 2 47 1 138
32 2 47 3 23
32 2 48 1 0
32 2 49 0 90
32 2 50 0 0
32 2 52 0 335
32 2 53 0 250
32 2 55 2 245
32 2 55 4 70
32 2 56 4 46
32 2 57 0 55
32 2 58 4 22
32 2 59 1 12
32 2 60 3 10
32 2 63 4 8
32 2 64 3 20
33 2 0 4 64
33 4 0 4 224
33 2 1 2 35
33 4 1 2 25
33 2 2 4 50
33 4 2 4 175
33 2 4 0 50
33 4 4 0 30
33 2 5 4 30
33 4 5 4 105
33 2 6 0 100
33 4 6 0 60
33 2 8 0 5
33 4 8 0 3
33 2 9 1 84
33 2 9 3 14
33 4 9 1 56
33 4 9 3 84
33 2 10 1 0
33 4 10 1 0
33 2 11 0 210
33 2 11 2 294
33 4 11 0 126
33 4 11 2 210
33 2 12 2 14
33 4 12 2 10
33 2 14 1 2184
33 2 14 2 2548
33 2 14 3 364
33 2 14 4 728
33 4 14 1 1456
33 4 14 2 1820
33 4 14 3 2184
33 4 14 4 2548
33 2 16 1 30
33 2 16 3 5
33 4 16 1 20
33 4 16 3 30
33 2 17 4 34
33 4 17 4 119
33 2 20 3 1
33 4 20 3 6
33 2 21 0 15
33 4 21 0 9
33 2 23 3 8
33 4 23 3 48
33 2 24 3 3
33 4 24 3 18
33 2 25 2 294
33 4 25 2 210
33 2 27 4 90
33 4 27 4 315
33 2 28 0 140
33 4 28 0 84
33 2 29 3 130
33 4 29 3 780
33 2 30 1 6
33 2 30 3 1
33 4 30 1 4
33 4 30 3 6
33 2 32 2 105
33 4 32 2 75
33 2 33 2 644
33 2 33 4 184
33 4 33 2 460
33 4 33 4 644
33 2 34 1 186
33 2 34 3 31
33 4 34 1 124
33 4 34 3 186
33 2 36 3 24
33 4 36 3 144
33 2 38 0 95
33 4 38 0 57
33 2 39 3 249
33 4 39 3 1494
33 2 41 0 80
33 4 41 0 48
33 2 42 0 135
33 4 42 0 81
33 2 44 2 196
33 2 44 4 56
33 4 44 2 140
33 4 44 4 196
33 2 45 2 14
33 4 45 2 10
33 2 47 1 156
33 2 47 3 26
33 4 47 1 104
33 4 47 3 156
33 2 48 1 0
33 4 48 1 0
33 2 49 0 125
33 4 49 0 75
33 2 50 0 15
33 4 50 0 9
33 2 52 0 255
33 4 52 0 153
33 2 53 0 180
33 4 53 0 108
33 2 55 2 196
33 2 55 4 56
33 4 55 2 140
33 4 55 4 196
33 2 56 4 32
33 4 56 4 112
33 2 57 0 30
33 4 57 0 18
33 2 58 4 16
33 4 58 4 56
33 2 59 1 0
33 4 59 1 0
33 2 60 3 22
33 4 60 3 132
33 2 63 4 2
33 4 63 4 7
33 2 64 3 17
33 4 64 3 102
34 1 0 4 24
34 3 0 4 8
34 1 1 2 1
34 3 1 2 6
34 1 2 4 33
34 3 2 4 11
34 1 4 0 12
34 3 4 0 8
34 1 5 4 12
34 3 5 4 4
34 1 6 0 42
34 3 6 0 28
34 1 8 0 0
34 3 8 0 0
34 1 9 1 28
34 1 9 3 8
34 3 9 1 20
34 3 9 3 28
34 1 10 1 0
34 3 10 1 0
34 1 11 0 90
34 1 11 2 15
34 3 11 0 60
34 3 11 2 90
34 1 12 2 0
34 3 12 2 0
34 1 14 1 952
34 1 14 2 136
34 1 14 3 272
34 1 14 4 408
34 3 14 1 680
34 3 14 2 816
34 3 14 3 952
34 3 14 4 136
34 1 16 1 42
34 1 16 3 12
34 3 16 1 30
34 3 16 3 42
34 1 17 4 6
34 3 17 4 2
34 1 20 3 4
34 3 20 3 14
34 1 21 0 0
34 3 21 0 0
34 1 23 3 24
34 3 23 3 84
34 1 24 3 2
34 3 24 3 7
34 1 25 2 14
34 3 25 2 84
34 1 27 4 21
34 3 27 4 7
34 1 28 0 60
34 3 28 0 40
34 1 29 3 86
34 3 29 3 301
34 1 30 1 14
34 1 30 3 4
34 3 30 1 10
34 3 30 3 14
34 1 32 2 1
34 3 32 2 6
34 1 33 2 17
34 1 33 4 51
34 3 33 2 102
34 3 33 4 17
34 1 34 1 105
34 1 34 3 30
34 3 34 1 75
34 3 34 3 105
34 1 36 3 18
34 3 36 3 63
34 1 38 0 18
34 3 38 0 12
34 1 39 3 198
34 3 39 3 693
34 1 41 0 30
34 3 41 0 20
34 1 42 0 48
34 3 42 0 32
34 1 44 2 12
34 1 44 4 36
34 3 44 2 72
34 3 44 4 12
34 1 45 2 1
34 3 45 2 6
34 1 47 1 182
34 1 47 3 52
34 3 47 1 130
34 3 47 3 182
34 1 48 1 0
34 3 48 1 0
34 1 49 0 30
34 3 49 0 20
34 1 50 0 6
34 3 50 0 4
34 1 52 0 174
34 3 52 0 116
34 1 53 0 144
34 3 53 0 96
34 1 55 2 3
34 1 55 4 9
34 3 55 2 18
34 3 55 4 3
34 1 56 4 12
34 3 56 4 4
34 1 57 0 12
34 3 57 0 8
34 1 58 4 21
34 3 58 4 7
34 1 59 1 0
34 3 59 1 0
34 1 60 3 14
34 3 60 3 49
34 1 63 4 0
34 3 63 4 0
34 1 64 3 38
34 3 64 3 133
36 3 0 4 37
36 3 1 2 6
36 3 2 4 27
36 3 4 0 16
36 3 5 4 23
36 3 6 0 132
36 3 8 0 8
36 3 9 1 230
36 3 9 3 322
36 3 10 1 0
36 3 11 0 248
36 3 11 2 372
36 3 12 2 60
36 3 14 1 3960
36 3 14 2 4752
36 3 14 3 5544
36 3 14 4 792
36 3 16 1 10
36 3 16 3 14
36 3 17 4 30
36 3 20 3 21
36 3 21 0 36
36 3 23 3 378
36 3 24 3 42
36 3 25 2 390
36 3 27 4 61
36 3 28 0 120
36 3 29 3 1225
36 3 30 1 15
36 3 30 3 21
36 3 32 2 120
36 3 33 2 732
36 3 33 4 122
36 3 34 1 280
36 3 34 3 392
36 3 36 3 1428
36 3 38 0 120
36 3 39 3 4011
36 3 41 0 172
36 3 42 0 156
36 3 44 2 366
36 3 44 4 61
36 3 45 2 84
36 3 47 1 460
36 3 47 3 644
36 3 48 1 0
36 3 49 0 108
36 3 50 0 20
36 3 52 0 536
36 3 53 0 440
36 3 55 2 288
36 3 55 4 48
36 3 56 4 33
36 3 57 0 40
36 3 58 4 22
36 3 59 1 5
36 3 60 3 168
36 3 63 4 1
36 3 64 3 581
38 0 0 4 68
38 0 1 2 10
38 0 2 4 96
38 0 4 0 14
38 0 5 4 48
38 0 6 0 182
38 0 8 0 0
38 0 9 1 13
38 0 9 3 39
38 0 10 1 0
38 0 11 0 252
38 0 11 2 72
38 0 12 2 4
38 0 14 1 386
38 0 14 2 772
38 0 14 3 1158
38 0 14 4 1544
38 0 16 1 8
38 0 16 3 24
38 0 17 4 44
38 0 20 3 9
38 0 21 0 35
38 0 23 3 51
38 0 24 3 3
38 0 25 2 90
38 0 27 4 128
38 0 28 0 119
38 0 29 3 348
38 0 30 1 0
38 0 30 3 0
38 0 32 2 14
38 0 33 2 136
38 0 33 4 272
38 0 34 1 21
38 0 34 3 63
38 0 36 3 87
38 0 38 0 560
38 0 39 3 1260
38 0 41 0 154
38 0 42 0 196
38 0 44 2 62
38 0 44 4 124
38 0 45 2 20
38 0 47 1 23
38 0 47 3 69
38 0 48 1 0
38 0 49 0 112
38 0 50 0 35
38 0 52 0 336
38 0 53 0 343
38 0 55 2 52
38 0 55 4 104
38 0 56 4 60
38 0 57 0 84
38 0 58 4 48
38 0 59 1 0
38 0 60 3 27
38 0 63 4 0
38 0 64 3 87
39 3 0 4 1032
39 3 1 2 228
39 3 2 4 760
39 3 4 0 504
39 3 5 4 619
39 3 6 0 2704
39 3 8 0 88
39 3 9 1 4765
39 3 9 3 6671
39 3 10 1 0
39 3 11 0 4192
39 3 11 2 6288
39 3 12 2 564
39 3 14 1 100880
39 3 14 2 121056
39 3 14 3 141232
39 3 14 4 20176
39 3 16 1 155
39 3 16 3 217
39 3 17 4 495
39 3 20 3 686
39 3 21 0 516
39 3 23 3 4186
39 3 24 3 420
39 3 25 2 9396
39 3 27 4 964
39 3 28 0 2128
39 3 29 3 27706
39 3 30 1 265
39 3 30 3 371
39 3 32 2 2076
39 3 33 2 8646
39 3 33 4 1441
39 3 34 1 4935
39 3 34 3 6909
39 3 36 3 6741
39 3 38 0 1556
39 3 39 3 0
39 3 41 0 3204
39 3 42 0 3976
39 3 44 2 10338
39 3 44 4 1723
39 3 45 2 1932
39 3 47 1 3705
39 3 47 3 5187
39 3 48 1 0
39 3 49 0 2888
39 3 50 0 276
39 3 52 0 10132
39 3 53 0 7744
39 3 55 2 4746
39 3 55 4 791
39 3 56 4 698
39 3 57 0 852
39 3 58 4 377
39 3 59 1 165
39 3 60 3 3290
39 3 63 4 27
39 3 64 3 9240
41 0 0 4 68
41 0 1 2 4
41 0 2 4 44
41 0 4 0 14
41 0 5 4 28
41 0 6 0 91
41 0 8 0 7
41 0 9 1 6
41 0 9 3 18
41 0 10 1 0
41 0 11 0 126
41 0 11 2 36
41 0 12 2 4
41 0 14 1 152
41 0 14 2 304
41 0 14 3 456
41 0 14 4 608
41 0 16 1 2
41 0 16 3 6
41 0 17 4 24
41 0 20 3 0
41 0 21 0 7
41 0 23 3 15
41 0 24 3 6
41 0 25 2 62
41 0 27 4 96
41 0 28 0 84
41 0 29 3 144
41 0 30 1 0
41 0 30 3 0
41 0 32 2 8
41 0 33 2 60
41 0 33 4 120
41 0 34 1 7
41 0 34 3 21
41 0 36 3 30
41 0 38 0 56
41 0 39 3 378
41 0 41 0 140
41 0 42 0 161
41 0 44 2 32
41 0 44 4 64
41 0 45 2 4
41 0 47 1 10
41 0 47 3 30
41 0 48 1 0
41 0 49 0 56
41 0 50 0 0
41 0 52 0 210
41 0 53 0 147
41 0 55 2 24
41 0 55 4 48
41 0 56 4 48
41 0 57 0 14
41 0 58 4 24
41 0 59 1 0
41 0 60 3 12
41 0 63 4 8
41 0 64 3 27
42 0 0 4 20
42 0 1 2 0
42 0 2 4 32
42 0 4 0 7
42 0 5 4 24
42 0 6 0 28
42 0 8 0 7
42 0 9 1 5
42 0 9 3 15
42 0 10 1 0
42 0 11 0 84
42 0 11 2 24
42 0 12 2 0
42 0 14 1 114
42 0 14 2 228
42 0 14 3 342
42 0 14 4 456
42 0 16 1 1
42 0 16 3 3
42 0 17 4 4
42 0 20 3 3
42 0 21 0 0
42 0 23 3 18
42 0 24 3 0
42 0 25 2 18
42 0 27 4 32
42 0 28 0 21
42 0 29 3 96
42 0 30 1 0
42 0 30 3 0
42 0 32 2 16
42 0 33 2 28
42 0 33 4 56
42 0 34 1 10
42 0 34 3 30
42 0 36 3 6
42 0 38 0 28
42 0 39 3 390
42 0 41 0 14
42 0 42 0 105
42 0 44 2 14
42 0 44 4 28
42 0 45 2 6
42 0 47 1 9
42 0 47 3 27
42 0 48 1 0
42 0 49 0 42
42 0 50 0 0
42 0 52 0 126
42 0 53 0 63
42 0 55 2 10
42 0 55 4 20
42 0 56 4 116
42 0 57 0 21
42 0 58 4 8
42 0 59 1 0
42 0 60 3 6
42 0 63 4 0
42 0 64 3 9
44 2 0 4 216
44 4 0 4 756
44 2 1 2 56
44 4 1 2 40
44 2 2 4 226
44 4 2 4 791
44 2 4 0 25
44 4 4 0 15
44 2 5 4 132
44 4 5 4 462
44 2 6 0 330
44 4 6 0 198
44 2 8 0 20
44 4 8 0 12
44 2 9 1 612
44 2 9 3 102
44 4 9 1 408
44 4 9 3 612
44 2 10 1 0
44 4 10 1 0
44 2 11 0 765
44 2 11 2 1071
44 4 11 0 459
44 4 11 2 765
44 2 12 2 91
44 4 12 2 65
44 2 14 1 11790
44 2 14 2 13755
44 2 14 3 1965
44 2 14 4 3930
44 4 14 1 7860
44 4 14 2 9825
44 4 14 3 11790
44 4 14 4 13755
44 2 16 1 30
44 2 16 3 5
44 4 16 1 20
44 4 16 3 30
44 2 17 4 134
44 4 17 4 469
44 2 20 3 10
44 4 20 3 60
44 2 21 0 45
44 4 21 0 27
44 2 23 3 84
44 4 23 3 504
44 2 24 3 9
44 4 24 3 54
44 2 25 2 1428
44 4 25 2 1020
44 2 27 4 220
44 4 27 4 770
44 2 28 0 425
44 4 28 0 255
44 2 29 3 412
44 4 29 3 2472
44 2 30 1 48
44 2 30 3 8
44 4 30 1 32
44 4 30 3 48
44 2 32 2 308
44 4 32 2 220
44 2 33 2 1477
44 2 33 4 422
44 4 33 2 1055
44 4 33 4 1477
44 2 34 1 906
44 2 34 3 151
44 4 34 1 604
44 4 34 3 906
44 2 36 3 116
44 4 36 3 696
44 2 38 0 245
44 4 38 0 147
44 2 39 3 1641
44 4 39 3 9846
44 2 41 0 455
44 4 41 0 273
44 2 42 0 465
44 4 42 0 279
44 2 44 2 1071
44 2 44 4 306
44 4 44 2 765
44 4 44 4 1071
44 2 45 2 413
44 4 45 2 295
44 2 47 1 390
44 2 47 3 65
44 4 47 1 260
44 4 47 3 390
44 2 48 1 0
44 4 48 1 0
44 2 49 0 405
44 4 49 0 243
44 2 50 0 25
44 4 50 0 15
44 2 52 0 2150
44 4 52 0 1290
44 2 53 0 1360
44 4 53 0 816
44 2 55 2 798
44 2 55 4 228
44 4 55 2 570
44 4 55 4 798
44 2 56 4 126
44 4 56 4 441
44 2 57 0 65
44 4 57 0 39
44 2 58 4 98
44 4 58 4 343
44 2 59 1 6
44 4 59 1 4
44 2 60 3 52
44 4 60 3 312
44 2 63 4 2
44 4 63 4 7
44 2 64 3 213
44 4 64 3 1278
45 2 0 4 42
45 2 1 2 14
45 2 2 4 6
45 2 4 0 0
45 2 5 4 10
45 2 6 0 45
45 2 8 0 0
45 2 9 1 60
45 2 9 3 10
45 2 10 1 0
45 2 11 0 40
45 2 11 2 56
45 2 12 2 14
45 2 14 1 984
45 2 14 2 1148
45 2 14 3 164
45 2 14 4 328
45 2 16 1 12
45 2 16 3 2
45 2 17 4 18
45 2 20 3 1
45 2 21 0 0
45 2 23 3 8
45 2 24 3 3
45 2 25 2 210
45 2 27 4 44
45 2 28 0 35
45 2 29 3 52
45 2 30 1 0
45 2 30 3 0
45 2 32 2 21
45 2 33 2 301
45 2 33 4 86
45 2 34 1 66
45 2 34 3 11
45 2 36 3 18
45 2 38 0 35
45 2 39 3 115
45 2 41 0 60
45 2 42 0 80
45 2 44 2 154
45 2 44 4 44
45 2 45 2 224
45 2 47 1 36
45 2 47 3 6
45 2 48 1 0
45 2 49 0 105
45 2 50 0 0
45 2 52 0 190
45 2 53 0 150
45 2 55 2 119
45 2 55 4 34
45 2 56 4 18
45 2 57 0 5
45 2 58 4 10
45 2 59 1 0
45 2 60 3 6
45 2 63 4 0
45 2 64 3 15
47 1 0 4 78
47 3 0 4 26
47 1 1 2 7
47 3 1 2 42
47 1 2 4 81
47 3 2 4 27
47 1 4 0 30
47 3 4 0 20
47 1 5 4 27
47 3 5 4 9
47 1 6 0 162
47 3 6 0 108
47 1 8 0 12
47 3 8 0 8
47 1 9 1 112
47 1 9 3 32
47 3 9 1 80
47 3 9 3 112
47 1 10 1 0
47 3 10 1 0
47 1 11 0 240
47 1 11 2 40
47 3 11 0 160
47 3 11 2 240
47 1 12 2 2
47 3 12 2 12
47 1 14 1 2828
47 1 14 2 404
47 1 14 3 808
47 1 14 4 1212
47 3 14 1 2020
47 3 14 2 2424
47 3 14 3 2828
47 3 14 4 404
47 1 16 1 7
47 1 16 3 2
47 3 16 1 5
47 3 16 3 7
47 1 17 4 63
47 3 17 4 21
47 1 20 3 6
47 3 20 3 21
47 1 21 0 30
47 3 21 0 20
47 1 23 3 46
47 3 23 3 161
47 1 24 3 0
47 3 24 3 0
47 1 25 2 52
47 3 25 2 312
47 1 27 4 141
47 3 27 4 47
47 1 28 0 204
47 3 28 0 136
47 1 29 3 300
47 3 29 3 1050
47 1 30 1 21
47 1 30 3 6
47 3 30 1 15
47 3 30 3 21
47 1 32 2 10
47 3 32 2 60
47 1 33 2 65
47 1 33 4 195
47 3 33 2 390
47 3 33 4 65
47 1 34 1 245
47 1 34 3 70
47 3 34 1 175
47 3 34 3 245
47 1 36 3 52
47 3 36 3 182
47 1 38 0 102
47 3 38 0 68
47 1 39 3 484
47 3 39 3 1694
47 1 41 0 120
47 3 41 0 80
47 1 42 0 228
47 3 42 0 152
47 1 44 2 26
47 1 44 4 78
47 3 44 2 156
47 3 44 4 26
47 1 45 2 16
47 3 45 2 96
47 1 47 1 462
47 1 47 3 132
47 3 47 1 330
47 3 47 3 462
47 1 48 1 0
47 3 48 1 0
47 1 49 0 78
47 3 49 0 52
47 1 50 0 0
47 3 50 0 0
47 1 52 0 450
47 3 52 0 300
47 1 53 0 246
47 3 53 0 164
47 1 55 2 36
47 1 55 4 108
47 3 55 2 216
47 3 55 4 36
47 1 56 4 84
47 3 56 4 28
47 1 57 0 36
47 3 57 0 24
47 1 58 4 27
47 3 58 4 9
47 1 59 1 0
47 3 59 1 0
47 1 60 3 36
47 3 60 3 126
47 1 63 4 0
47 3 63 4 0
47 1 64 3 66
47 3 64 3 231
48 1 0 4 0
48 1 1 2 0
48 1 2 4 0
48 1 4 0 0
48 1 5 4 0
48 1 6 0 0
48 1 8 0 0
48 1 9 1 0
48 1 9 3 0
48 1 10 1 0
48 1 11 0 0
48 1 11 2 0
48 1 12 2 0
48 1 14 1 0
48 1 14 2 0
48 1 14 3 0
48 1 14 4 0
48 1 16 1 0
48 1 16 3 0
48 1 17 4 0
48 1 20 3 0
48 1 21 0 0
48 1 23 3 0
48 1 24 3 0
48 1 25 2 0
48 1 27 4 0
48 1 28 0 0
48 1 29 3 0
48 1 30 1 0
48 1 30 3 0
48 1 32 2 0
48 1 33 2 0
48 1 33 4 0
48 1 34 1 0
48 1 34 3 0
48 1 36 3 0
48 1 38 0 0
48 1 39 3 0
48 1 41 0 0
48 1 42 0 0
48 1 44 2 0
48 1 44 4 0
48 1 45 2 0
48 1 47 1 0
48 1 47 3 0
48 1 48 1 0
48 1 49 0 0
48 1 50 0 0
48 1 52 0 0
48 1 53 0 0
48 1 55 2 0
48 1 55 4 0
48 1 56 4 0
48 1 57 0 0
48 1 58 4 0
48 1 59 1 0
48 1 60 3 0
48 1 63 4 0
48 1 64 3 0
49 0 0 4 348
49 0 1 2 16
49 0 2 4 284
49 0 4 0 42
49 0 5 4 100
49 0 6 0 441
49 0 8 0 21
49 0 9 1 61
49 0 9 3 183
49 0 10 1 0
49 0 11 0 602
49 0 11 2 172
49 0 12 2 20
49 0 14 1 926
49 0 14 2 1852
49 0 14 3 2778
49 0 14 4 3704
49 0 16 1 20
49 0 16 3 60
49 0 17 4 160
49 0 20 3 42
49 0 21 0 119
49 0 23 3 123
49 0 24 3 9
49 0 25 2 252
49 0 27 4 592
49 0 28 0 546
49 0 29 3 942
49 0 30 1 6
49 0 30 3 18
49 0 32 2 50
49 0 33 2 314
49 0 33 4 628
49 0 34 1 80
49 0 34 3 240
49 0 36 3 240
49 0 38 0 266
49 0 39 3 1092
49 0 41 0 357
49 0 42 0 644
49 0 44 2 140
49 0 44 4 280
49 0 45 2 62
49 0 47 1 50
49 0 47 3 150
49 0 48 1 0
49 0 49 0 273
49 0 50 0 0
49 0 52 0 1162
49 0 53 0 966
49 0 55 2 126
49 0 55 4 252
49 0 56 4 228
49 0 57 0 70
49 0 58 4 132
49 0 59 1 0
49 0 60 3 159
49 0 63 4 8
49 0 64 3 195
50 0 0 4 12
50 0 1 2 2
50 0 2 4 8
50 0 4 0 7
50 0 5 4 4
50 0 6 0 0
50 0 8 0 0
50 0 9 1 3
50 0 9 3 9
50 0 10 1 0
50 0 11 0 21
50 0 11 2 6
50 0 12 2 2
50 0 14 1 37
50 0 14 2 74
50 0 14 3 111
50 0 14 4 148
50 0 16 1 1
50 0 16 3 3
50 0 17 4 0
50 0 20 3 0
50 0 21 0 7
50 0 23 3 15
50 0 24 3 0
50 0 25 2 2
50 0 27 4 8
50 0 28 0 0
50 0 29 3 9
50 0 30 1 1
50 0 30 3 3
50 0 32 2 0
50 0 33 2 14
50 0 33 4 28
50 0 34 1 4
50 0 34 3 12
50 0 36 3 6
50 0 38 0 21
50 0 39 3 39
50 0 41 0 21
50 0 42 0 35
50 0 44 2 2
50 0 44 4 4
50 0 45 2 2
50 0 47 1 4
50 0 47 3 12
50 0 48 1 0
50 0 49 0 28
50 0 50 0 28
50 0 52 0 56
50 0 53 0 105
50 0 55 2 4
50 0 55 4 8
50 0 56 4 12
50 0 57 0 7
50 0 58 4 4
50 0 59 1 0
50 0 60 3 6
50 0 63 4 0
50 0 64 3 15
52 0 0 4 176
52 0 1 2 10
52 0 2 4 84
52 0 4 0 21
52 0 5 4 52
52 0 6 0 56
52 0 8 0 14
52 0 9 1 22
52 0 9 3 66
52 0 10 1 0
52 0 11 0 210
52 0 11 2 60
52 0 12 2 2
52 0 14 1 362
52 0 14 2 724
52 0 14 3 1086
52 0 14 4 1448
52 0 16 1 4
52 0 16 3 12
52 0 17 4 56
52 0 20 3 15
52 0 21 0 7
52 0 23 3 48
52 0 24 3 0
52 0 25 2 106
52 0 27 4 132
52 0 28 0 98
52 0 29 3 303
52 0 30 1 1
52 0 30 3 3
52 0 32 2 28
52 0 33 2 126
52 0 33 4 252
52 0 34 1 23
52 0 34 3 69
52 0 36 3 45
52 0 38 0 70
52 0 39 3 975
52 0 41 0 133
52 0 42 0 245
52 0 44 2 76
52 0 44 4 152
52 0 45 2 34
52 0 47 1 20
52 0 47 3 60
52 0 48 1 0
52 0 49 0 175
52 0 50 0 0
52 0 52 0 812
52 0 53 0 511
52 0 55 2 52
52 0 55 4 104
52 0 56 4 80
52 0 57 0 105
52 0 58 4 20
52 0 59 1 0
52 0 60 3 27
52 0 63 4 4
52 0 64 3 72
53 0 0 4 168
53 0 1 2 28
53 0 2 4 80
53 0 4 0 14
53 0 5 4 40
53 0 6 0 98
53 0 8 0 0
53 0 9 1 16
53 0 9 3 48
53 0 10 1 0
53 0 11 0 252
53 0 11 2 72
53 0 12 2 12
53 0 14 1 334
53 0 14 2 668
53 0 14 3 1002
53 0 14 4 1336
53 0 16 1 6
53 0 16 3 18
53 0 17 4 52
53 0 20 3 12
53 0 21 0 28
53 0 23 3 33
53 0 24 3 6
53 0 25 2 104
53 0 27 4 120
53 0 28 0 133
53 0 29 3 333
53 0 30 1 1
53 0 30 3 3
53 0 32 2 20
53 0 33 2 90
53 0 33 4 180
53 0 34 1 19
53 0 34 3 57
53 0 36 3 57
53 0 38 0 119
53 0 39 3 930
53 0 41 0 49
53 0 42 0 231
53 0 44 2 70
53 0 44 4 140
53 0 45 2 22
53 0 47 1 18
53 0 47 3 54
53 0 48 1 0
53 0 49 0 168
53 0 50 0 0
53 0 52 0 392
53 0 53 0 588
53 0 55 2 52
53 0 55 4 104
53 0 56 4 68
53 0 57 0 42
53 0 58 4 48
53 0 59 1 0
53 0 60 3 27
53 0 63 4 0
53 0 64 3 69
55 2 0 4 130
55 4 0 4 455
55 2 1 2 63
55 4 1 2 45
55 2 2 4 122
55 4 2 4 427
55 2 4 0 30
55 4 4 0 18
55 2 5 4 26
55 4 5 4 91
55 2 6 0 90
55 4 6 0 54
55 2 8 0 5
55 4 8 0 3
55 2 9 1 144
55 2 9 3 24
55 4 9 1 96
55 4 9 3 144
55 2 10 1 0
55 4 10 1 0
55 2 11 0 410
55 2 11 2 574
55 4 11 0 246
55 4 11 2 410
55 2 12 2 14
55 4 12 2 10
55 2 14 1 3144
55 2 14 2 3668
55 2 14 3 524
55 2 14 4 1048
55 4 14 1 2096
55 4 14 2 2620
55 4 14 3 3144
55 4 14 4 3668
55 2 16 1 6
55 2 16 3 1
55 4 16 1 4
55 4 16 3 6
55 2 17 4 50
55 4 17 4 175
55 2 20 3 11
55 4 20 3 66
55 2 21 0 25
55 4 21 0 15
55 2 23 3 27
55 4 23 3 162
55 2 24 3 1
55 4 24 3 6
55 2 25 2 483
55 4 25 2 345
55 2 27 4 268
55 4 27 4 938
55 2 28 0 210
55 4 28 0 126
55 2 29 3 195
55 4 29 3 1170
55 2 30 1 18
55 2 30 3 3
55 4 30 1 12
55 4 30 3 18
55 2 32 2 154
55 4 32 2 110
55 2 33 2 742
55 2 33 4 212
55 4 33 2 530
55 4 33 4 742
55 2 34 1 204
55 2 34 3 34
55 4 34 1 136
55 4 34 3 204
55 2 36 3 42
55 4 36 3 252
55 2 38 0 55
55 4 38 0 33
55 2 39 3 273
55 4 39 3 1638
55 2 41 0 230
55 4 41 0 138
55 2 42 0 285
55 4 42 0 171
55 2 44 2 581
55 2 44 4 166
55 4 44 2 415
55 4 44 4 581
55 2 45 2 112
55 4 45 2 80
55 2 47 1 204
55 2 47 3 34
55 4 47 1 136
55 4 47 3 204
55 2 48 1 0
55 4 48 1 0
55 2 49 0 120
55 4 49 0 72
55 2 50 0 0
55 4 50 0 0
55 2 52 0 630
55 4 52 0 378
55 2 53 0 615
55 4 53 0 369
55 2 55 2 336
55 2 55 4 96
55 4 55 2 240
55 4 55 4 336
55 2 56 4 60
55 4 56 4 210
55 2 57 0 80
55 4 57 0 48
55 2 58 4 38
55 4 58 4 133
55 2 59 1 0
55 4 59 1 0
55 2 60 3 24
55 4 60 3 144
55 2 63 4 2
55 4 63 4 7
55 2 64 3 47
55 4 64 3 282
56 4 0 4 105
56 4 1 2 15
56 4 2 4 77
56 4 4 0 3
56 4 5 4 63
56 4 6 0 51
56 4 8 0 0
56 4 9 1 24
56 4 9 3 36
56 4 10 1 0
56 4 11 0 63
56 4 11 2 105
56 4 12 2 0
56 4 14 1 848
56 4 14 2 1060
56 4 14 3 1272
56 4 14 4 1484
56 4 16 1 20
56 4 16 3 30
56 4 17 4 28
56 4 20 3 0
56 4 21 0 0
56 4 23 3 66
56 4 24 3 30
56 4 25 2 170
56 4 27 4 77
56 4 28 0 24
56 4 29 3 402
56 4 30 1 0
56 4 30 3 0
56 4 32 2 65
56 4 33 2 165
56 4 33 4 231
56 4 34 1 52
56 4 34 3 78
56 4 36 3 54
56 4 38 0 18
56 4 39 3 1074
56 4 41 0 12
56 4 42 0 87
56 4 44 2 125
56 4 44 4 175
56 4 45 2 15
56 4 47 1 40
56 4 47 3 60
56 4 48 1 0
56 4 49 0 45
56 4 50 0 0
56 4 52 0 75
56 4 53 0 78
56 4 55 2 35
56 4 55 4 49
56 4 56 4 224
56 4 57 0 18
56 4 58 4 28
56 4 59 1 0
56 4 60 3 48
56 4 63 4 0
56 4 64 3 138
57 0 0 4 64
57 0 1 2 2
57 0 2 4 16
57 0 4 0 7
57 0 5 4 12
57 0 6 0 56
57 0 8 0 0
57 0 9 1 4
57 0 9 3 12
57 0 10 1 0
57 0 11 0 105
57 0 11 2 30
57 0 12 2 2
57 0 14 1 100
57 0 14 2 200
57 0 14 3 300
57 0 14 4 400
57 0 16 1 2
57 0 16 3 6
57 0 17 4 16
57 0 20 3 3
57 0 21 0 14
57 0 23 3 12
57 0 24 3 9
57 0 25 2 32
57 0 27 4 68
57 0 28 0 77
57 0 29 3 108
57 0 30 1 0
57 0 30 3 0
57 0 32 2 8
57 0 33 2 24
57 0 33 4 48
57 0 34 1 9
57 0 34 3 27
57 0 36 3 33
57 0 38 0 14
57 0 39 3 99
57 0 41 0 28
57 0 42 0 84
57 0 44 2 10
57 0 44 4 20
57 0 45 2 6
57 0 47 1 0
57 0 47 3 0
57 0 48 1 0
57 0 49 0 28
57 0 50 0 7
57 0 52 0 126
57 0 53 0 147
57 0 55 2 8
57 0 55 4 16
57 0 56 4 8
57 0 57 0 126
57 0 58 4 4
57 0 59 1 0
57 0 60 3 3
57 0 63 4 0
57 0 64 3 21
58 4 0 4 35
58 4 1 2 5
58 4 2 4 42
58 4 4 0 0
58 4 5 4 35
58 4 6 0 36
58 4 8 0 0
58 4 9 1 16
58 4 9 3 24
58 4 10 1 0
58 4 11 0 42
58 4 11 2 70
58 4 12 2 0
58 4 14 1 504
58 4 14 2 630
58 4 14 3 756
58 4 14 4 882
58 4 16 1 12
58 4 16 3 18
58 4 17 4 28
58 4 20 3 0
58 4 21 0 3
58 4 23 3 18
58 4 24 3 0
58 4 25 2 60
58 4 27 4 105
58 4 28 0 39
58 4 29 3 288
58 4 30 1 0
58 4 30 3 0
58 4 32 2 5
58 4 33 2 115
58 4 33 4 161
58 4 34 1 20
58 4 34 3 30
58 4 36 3 18
58 4 38 0 6
58 4 39 3 630
58 4 41 0 27
58 4 42 0 30
58 4 44 2 35
58 4 44 4 49
58 4 45 2 20
58 4 47 1 24
58 4 47 3 36
58 4 48 1 0
58 4 49 0 12
58 4 50 0 0
58 4 52 0 75
58 4 53 0 24
58 4 55 2 25
58 4 55 4 35
58 4 56 4 35
58 4 57 0 6
58 4 58 4 196
58 4 59 1 0
58 4 60 3 36
58 4 63 4 7
58 4 64 3 60
59 1 0 4 60
59 1 1 2 0
59 1 2 4 21
59 1 4 0 18
59 1 5 4 3
59 1 6 0 48
59 1 8 0 0
59 1 9 1 28
59 1 9 3 8
59 1 10 1 0
59 1 11 0 144
59 1 11 2 24
59 1 12 2 2
59 1 14 1 1281
59 1 14 2 183
59 1 14 3 366
59 1 14 4 549
59 1 16 1 7
59 1 16 3 2
59 1 17 4 27
59 1 20 3 0
59 1 21 0 18
59 1 23 3 22
59 1 24 3 2
59 1 25 2 11
59 1 27 4 39
59 1 28 0 18
59 1 29 3 116
59 1 30 1 0
59 1 30 3 0
59 1 32 2 8
59 1 33 2 22
59 1 33 4 66
59 1 34 1 84
59 1 34 3 24
59 1 36 3 18
59 1 38 0 24
59 1 39 3 374
59 1 41 0 42
59 1 42 0 102
59 1 44 2 13
59 1 44 4 39
59 1 45 2 3
59 1 47 1 70
59 1 47 3 20
59 1 48 1 0
59 1 49 0 36
59 1 50 0 6
59 1 52 0 108
59 1 53 0 144
59 1 55 2 12
59 1 55 4 36
59 1 56 4 42
59 1 57 0 30
59 1 58 4 30
59 1 59 1 336
59 1 60 3 18
59 1 63 4 0
59 1 64 3 18
60 3 0 4 24
60 3 1 2 6
60 3 2 4 26
60 3 4 0 32
60 3 5 4 13
60 3 6 0 76
60 3 8 0 0
60 3 9 1 140
60 3 9 3 196
60 3 10 1 0
60 3 11 0 164
60 3 11 2 246
60 3 12 2 30
60 3 14 1 1595
60 3 14 2 1914
60 3 14 3 2233
60 3 14 4 319
60 3 16 1 5
60 3 16 3 7
60 3 17 4 11
60 3 20 3 63
60 3 21 0 8
60 3 23 3 112
60 3 24 3 0
60 3 25 2 330
60 3 27 4 36
60 3 28 0 88
60 3 29 3 609
60 3 30 1 20
60 3 30 3 28
60 3 32 2 66
60 3 33 2 504
60 3 33 4 84
60 3 34 1 125
60 3 34 3 175
60 3 36 3 140
60 3 38 0 56
60 3 39 3 1785
60 3 41 0 116
60 3 42 0 80
60 3 44 2 270
60 3 44 4 45
60 3 45 2 102
60 3 47 1 120
60 3 47 3 168
60 3 48 1 0
60 3 49 0 44
60 3 50 0 4
60 3 52 0 324
60 3 53 0 224
60 3 55 2 210
60 3 55 4 35
60 3 56 4 13
60 3 57 0 8
60 3 58 4 4
60 3 59 1 5
60 3 60 3 238
60 3 63 4 0
60 3 64 3 175
63 4 0 4 35
63 4 1 2 5
63 4 2 4 42
63 4 4 0 3
63 4 5 4 7
63 4 6 0 15
63 4 8 0 0
63 4 9 1 8
63 4 9 3 12
63 4 10 1 0
63 4 11 0 21
63 4 11 2 35
63 4 12 2 0
63 4 14 1 204
63 4 14 2 255
63 4 14 3 306
63 4 14 4 357
63 4 16 1 8
63 4 16 3 12
63 4 17 4 7
63 4 20 3 0
63 4 21 0 0
63 4 23 3 12
63 4 24 3 12
63 4 25 2 40
63 4 27 4 28
63 4 28 0 9
63 4 29 3 54
63 4 30 1 0
63 4 30 3 0
63 4 32 2 10
63 4 33 2 25
63 4 33 4 35
63 4 34 1 16
63 4 34 3 24
63 4 36 3 12
63 4 38 0 6
63 4 39 3 174
63 4 41 0 12
63 4 42 0 18
63 4 44 2 15
63 4 44 4 21
63 4 45 2 0
63 4 47 1 12
63 4 47 3 18
63 4 48 1 0
63 4 49 0 3
63 4 50 0 0
63 4 52 0 12
63 4 53 0 12
63 4 55 2 20
63 4 55 4 28
63 4 56 4 35
63 4 57 0 0
63 4 58 4 7
63 4 59 1 0
63 4 60 3 24
63 4 63 4 77
63 4 64 3 6
64 3 0 4 3
64 3 1 2 6
64 3 2 4 2
64 3 4 0 0
64 3 5 4 4
64 3 6 0 24
64 3 8 0 0
64 3 9 1 20
64 3 9 3 28
64 3 10 1 0
64 3 11 0 12
64 3 11 2 18
64 3 12 2 0
64 3 14 1 505
64 3 14 2 606
64 3 14 3 707
64 3 14 4 101
64 3 16 1 5
64 3 16 3 7
64 3 17 4 0
64 3 20 3 14
64 3 21 0 8
64 3 23 3 28
64 3 24 3 14
64 3 25 2 42
64 3 27 4 8
64 3 28 0 4
64 3 29 3 133
64 3 30 1 0
64 3 30 3 0
64 3 32 2 0
64 3 33 2 42
64 3 33 4 7
64 3 34 1 30
64 3 34 3 42
64 3 36 3 42
64 3 38 0 8
64 3 39 3 1085
64 3 41 0 12
64 3 42 0 20
64 3 44 2 66
64 3 44 4 11
64 3 45 2 12
64 3 47 1 40
64 3 47 3 56
64 3 48 1 0
64 3 49 0 28
64 3 50 0 0
64 3 52 0 76
64 3 53 0 40
64 3 55 2 12
64 3 55 4 2
64 3 56 4 4
64 3 57 0 0
64 3 58 4 1
64 3 59 1 0
64 3 60 3 14
64 3 63 4 0
64 3 64 3 364
;
end;