;Pizzighettone, Giuseppe Garibaldi, 18;Ostiano, Mazzini, 1;Ripalta Cremasca, Roma, 5;Montodine,  XXV Aprile, 10;Trescore Cremasco, Vittorio Veneto, 1;Offanengo, Clavelli Martini, 5;Dovera, Oldrini 2;Cremona, Ugolani Dati, 4;Gadesco-Pieve Delmona, Giovanni Lonati 9;Manerbio, INSURREZIONE NAZIONALE;Cremona, Palosca n. 2;Paderno Ponchielli, Municipio, 3;San Bassano, Mons. Frosi;Pescarolo ed Uniti, Giuseppe Mazzini, 73;Grontardo, Roma, 16;Casalbuttano ed Uniti, Jacini, 23;Gussola, Comaschi, 1;Crema, Civerchi, 9;Solarolo Rainerio, Giuseppina, 81;Rivolta d'Adda, Stefano Renzi, 5;Soncino, Dante Alighieri, 23;Grumello Cremonese ed Uniti, Roma, 2;Palazzo Pignano, Marco Polo, 31;Castelleone, Roma, 67;Fiesco, Giuseppe Parini, 10;Isola Dovarese, Giacomo Matteotti, 1;San Giovanni in Croce, Feudatari, 25 A;Cremona, Sesto 39;Rivarolo del Re ed Uniti, Giovanni XXIII, 5;Capergnanica, XI febbraio, 7;Monte Cremasco, Roma, 12;Cremona, Ugolani Dati, 4;Camisano, Trieste, 57;Martignana di Po, Libertà, 64;Spino d'Adda, Circonvallazione, 13;Ricengo, Guglielmo Marconi;Trigolo, Roma, 26;Castelverde, Ubaldo Ferrari, 15;Soresina, Giacomo Matteotti, 6;Cremona, Felice Cavallotti, 2;Vailate, Dante Alighieri, 7;Bonemerse, Roma, 25;Vescovato, Roma, 44;Casaletto Vaprio, Maggiore, 7;Sergnano, IV Novembre,  10;Persico Dosimo, Albert ,7;Bagnolo Cremasco, Roma, 3;Romanengo, Guaiarini, 14;Piadena, Platina, 40;Agnadello, Marconi, 6;Cremona, Ugolani Dati, 4;Casalmaggiore, Guglielmo Marconi, 8;Casale Cremasco-Vidolasco, Roma, 56;Izano, Gerardo da Izano, 4/C;Annicco, Giuseppe Garibaldi, 6;Capralba, Piave, 2;Sospiro, Tosi;Madignano, Portici, 4;Sesto ed Uniti, Roma, 4;Pandino, Castello, 15;Cingia de' Botti, Giuseppina, 79;Pianengo, Nenni;Vaiano Cremasco,  Gloriosi Caduti, 3
Pizzighettone, Giuseppe Garibaldi, 18;80;0;28;17;15;116;11;8;3;420;2;0;0;30;3;8;6;386;14;31;48;5;7;36;9;17;23;29;3;12;32;8;2;2;26;22;12;2;49;0;0;21;9;0;16;21;24;10;29;17;8;13;0;1;5;26;37;45;5;68;11;30;12
Ostiano, Mazzini, 1;2;1;10;16;6;36;4;2;3;73;1;0;0;18;2;4;4;124;3;7;16;0;1;11;2;11;15;11;1;4;8;2;2;1;7;5;2;1;11;0;0;1;4;0;1;8;7;0;8;11;2;5;0;0;0;6;15;12;0;24;5;2;3
Ripalta Cremasca, Roma, 5;4;0;15;3;29;32;1;1;2;130;0;0;0;2;1;1;1;114;3;7;18;0;8;12;4;6;9;3;3;6;8;1;1;1;5;2;3;0;9;2;0;1;2;0;6;10;8;3;2;5;1;5;1;0;0;4;10;9;0;14;3;4;2
Montodine,  XXV Aprile, 10;2;0;13;24;2;19;5;3;0;59;0;0;0;4;0;3;1;62;1;6;10;2;2;4;3;1;1;4;0;2;8;3;0;1;3;1;1;1;13;0;0;2;5;0;3;3;4;3;2;6;3;2;0;1;1;2;11;5;0;10;7;3;2
Trescore Cremasco, Vittorio Veneto, 1;6;0;29;8;32;67;4;5;3;179;0;0;0;6;0;4;5;212;4;25;25;0;13;21;3;11;10;23;1;9;11;5;1;0;7;4;6;0;26;3;0;8;8;0;15;13;11;3;9;15;5;6;0;5;3;17;24;34;0;33;2;20;4
Offanengo, Clavelli Martini, 5;57;7;118;152;101;246;56;2;19;891;6;0;1;120;26;20;41;1396;60;92;300;12;53;166;36;69;106;118;8;68;300;2;24;21;116;107;29;8;228;10;0;55;84;1;76;120;86;51;92;138;2;70;6;7;16;89;161;230;3;349;67;100;58
Dovera, Oldrini 2;9;0;27;17;12;84;30;5;1;186;1;0;0;14;0;3;3;247;10;16;40;2;5;23;4;13;11;20;0;8;19;5;2;0;13;17;4;1;23;2;0;9;13;1;13;15;12;4;13;19;5;13;1;1;1;13;14;26;1;50;10;18;11
Cremona, Ugolani Dati, 4;1;0;2;3;0;8;0;1;0;7;0;0;0;9;1;1;2;5;2;1;1;1;0;6;0;2;4;2;0;59;2;1;0;0;1;3;0;0;3;1;1;1;41;0;1;1;2;2;1;1;1;2;0;0;0;4;1;1;0;8;6;1;0
Gadesco-Pieve Delmona, Giovanni Lonati 9;28;1;30;23;51;117;18;5;110;400;2;1;0;25;3;12;9;453;13;38;58;1;9;37;7;19;40;39;1;11;54;5;5;9;37;30;9;4;78;4;0;24;15;3;22;28;29;17;29;27;5;15;0;0;3;14;32;60;4;62;20;23;10
Manerbio, INSURREZIONE NAZIONALE;389;53;994;532;698;3958;495;31;130;0;42;12;0;713;98;206;286;20176;614;1723;2533;129;346;1048;314;598;741;1320;40;619;964;31;126;133;791;801;213;94;1936;100;33;404;470;27;722;987;760;322;963;1032;31;953;22;60;38;676;1112;1566;69;1441;405;694;377
Cremona, Palosca n. 2;0;0;0;0;0;2;0;0;0;1;1;0;0;0;1;0;0;4;1;0;0;0;0;0;0;0;0;0;0;0;0;0;0;1;2;0;0;0;0;1;0;0;0;0;0;0;1;0;0;0;0;0;0;0;0;0;1;0;0;0;0;0;0
Paderno Ponchielli, Municipio, 3;3;0;2;0;1;4;1;0;0;7;0;0;0;1;0;1;1;25;0;1;2;1;0;2;0;0;0;2;0;0;4;0;0;1;1;2;1;1;3;0;0;0;2;0;1;2;3;0;1;3;0;1;0;0;0;2;2;0;0;6;1;0;0
San Bassano, Mons. Frosi;0;0;1;0;1;1;0;0;0;1;0;0;0;0;0;0;0;3;1;0;0;0;1;1;0;0;0;0;0;0;0;0;0;0;0;0;1;0;1;0;0;0;0;0;1;0;1;0;0;0;0;0;0;1;0;0;0;0;0;1;1;1;0
Pescarolo ed Uniti, Giuseppe Mazzini, 73;16;0;30;43;15;142;19;4;4;170;1;0;0;99;7;9;9;348;16;23;58;5;9;43;10;22;24;25;4;11;51;4;4;1;20;30;9;2;62;5;0;20;14;0;20;13;20;12;26;37;4;20;3;0;5;24;33;45;0;64;23;21;12
Grontardo, Roma, 16;6;0;21;15;6;57;7;1;3;88;1;1;0;18;12;3;5;136;6;15;35;1;2;17;0;11;18;8;1;4;16;1;2;6;14;12;6;2;34;1;0;5;5;0;1;10;5;4;9;15;1;8;0;0;0;9;20;25;1;32;8;11;6
Casalbuttano ed Uniti, Jacini, 23;2;0;5;4;1;14;2;1;1;17;0;0;0;6;0;10;4;49;2;6;7;0;2;3;2;1;7;2;0;3;11;1;1;1;3;5;1;1;11;2;0;2;2;0;2;0;6;2;3;6;1;1;1;0;2;1;1;4;2;10;1;2;3
Gussola, Comaschi, 1;5;0;12;8;6;62;7;1;0;80;0;0;0;9;1;2;26;126;7;9;24;1;7;12;3;4;18;11;1;3;16;1;2;11;9;16;3;0;14;2;0;8;9;0;5;12;9;2;11;12;1;10;1;1;2;9;9;15;0;25;16;7;11
Crema, Civerchi, 9;64;3;184;80;125;591;93;3;24;2540;3;22;0;109;14;39;40;1417;59;249;370;12;102;216;71;73;99;187;12;81;179;3;17;11;147;120;53;11;331;17;3;46;83;6;102;110;118;51;120;157;3;102;7;10;35;90;179;261;5;285;50;160;45
Solarolo Rainerio, Giuseppina, 81;28;1;33;35;23;156;21;2;4;170;0;0;0;27;14;5;9;456;29;28;88;4;7;55;6;20;47;29;7;20;76;2;6;7;29;25;7;2;52;3;1;23;23;2;22;44;22;25;25;30;2;25;0;0;3;38;37;58;1;76;43;36;10
Rivolta d'Adda, Stefano Renzi, 5;49;8;93;85;63;412;67;5;21;1641;5;4;0;60;10;46;22;1965;46;153;430;9;44;153;47;84;65;213;9;66;110;5;5;13;114;91;13;13;272;15;1;53;52;1;81;151;113;59;116;108;5;102;4;9;8;66;135;204;5;211;43;84;49
Soncino, Dante Alighieri, 23;10;1;35;14;20;101;14;4;2;325;3;0;0;23;5;5;4;362;12;38;116;1;14;30;11;16;20;24;2;13;33;4;3;1;26;19;15;1;73;3;0;16;9;1;25;23;21;17;15;44;4;22;2;0;5;8;34;53;0;63;16;28;5
Grumello Cremonese ed Uniti, Roma, 2;1;0;6;4;0;15;2;4;1;42;1;2;0;8;0;0;0;32;3;0;3;11;0;8;1;2;4;2;0;2;0;4;0;0;2;2;3;1;8;0;0;6;2;0;4;7;0;2;1;5;4;2;0;2;2;5;4;10;9;9;5;1;1
Palazzo Pignano, Marco Polo, 31;21;0;38;35;23;138;15;1;5;106;2;0;0;27;9;9;8;316;12;18;67;4;33;37;4;16;23;20;0;12;88;1;5;5;35;25;11;7;50;2;2;8;10;4;18;24;15;8;25;43;1;19;1;3;6;12;37;48;0;66;11;33;11
Castelleone, Roma, 67;66;3;146;120;86;460;85;2;13;864;8;8;0;118;12;83;54;1582;65;145;289;16;89;298;61;73;87;130;11;55;194;2;15;16;124;117;43;11;301;16;1;48;57;6;87;125;94;41;120;119;2;99;11;11;15;73;164;232;2;312;63;127;58
Fiesco, Giuseppe Parini, 10;6;1;6;3;7;43;7;3;2;63;0;0;0;7;1;3;6;106;3;12;24;1;4;14;13;7;5;5;1;8;12;3;2;2;9;11;5;0;33;3;0;3;10;0;0;10;5;4;6;7;3;4;0;2;2;8;12;7;0;28;3;9;8
Isola Dovarese, Giacomo Matteotti, 1;4;1;12;7;9;25;3;1;0;75;1;0;0;7;2;2;0;117;6;11;33;2;1;7;3;2;15;4;1;5;12;1;3;1;9;6;1;0;27;2;0;7;4;0;3;8;4;0;7;6;1;7;0;2;0;3;9;7;2;17;8;5;4
San Giovanni in Croce, Feudatari, 25 A;17;3;38;34;28;150;21;1;5;242;0;1;0;36;3;5;13;404;18;26;75;5;10;40;14;23;66;33;4;9;47;1;5;4;36;20;6;2;41;2;0;14;18;0;13;35;27;16;26;26;1;16;2;0;7;27;48;52;0;65;20;24;9
Cremona, Sesto 39;2;0;5;1;4;19;0;1;1;155;0;0;0;2;2;0;1;101;5;11;19;2;0;3;6;4;8;52;0;4;8;1;0;0;2;3;0;0;10;1;0;4;2;0;7;6;2;2;6;3;1;4;0;2;1;6;8;7;0;7;4;2;1
Capergnanica, XI febbraio, 7;4;0;15;11;7;44;7;2;2;48;0;0;0;12;3;5;8;126;3;17;25;3;2;18;9;7;4;5;3;13;34;2;2;1;8;7;3;3;32;1;0;3;5;0;8;15;8;9;5;12;2;7;1;1;4;6;15;17;1;44;6;14;8
Monte Cremasco, Roma, 12;3;0;5;9;9;48;4;2;1;56;0;1;0;5;4;2;1;137;3;9;15;2;10;17;1;4;7;8;2;5;37;2;0;0;10;12;0;4;27;0;0;1;5;0;5;8;8;2;5;10;2;5;0;2;0;10;6;13;0;31;5;11;7
Cremona, Ugolani Dati, 4;1;0;2;3;0;8;0;1;0;7;0;0;0;9;1;1;2;5;2;1;1;1;0;6;0;2;4;2;0;59;2;1;0;0;1;3;0;0;3;1;1;1;41;0;1;1;2;2;1;1;1;2;0;0;0;4;1;1;0;8;6;1;0
Camisano, Trieste, 57;0;0;0;1;1;5;0;0;0;5;0;0;0;1;0;0;0;7;0;1;4;1;0;0;0;0;0;0;0;0;1;0;0;0;0;0;1;0;1;0;0;0;1;0;2;1;0;0;0;0;0;0;0;1;0;0;2;1;0;2;2;0;0
Martignana di Po, Libertà, 64;7;2;25;18;12;59;11;2;7;179;0;0;0;16;4;0;3;217;6;12;31;1;5;23;1;8;22;18;1;10;16;2;4;17;15;11;0;2;25;1;0;7;9;1;4;15;9;10;11;15;2;14;1;0;2;15;18;32;2;32;12;11;4
Ricengo, Guglielmo Marconi;8;0;23;12;12;48;6;2;1;126;0;2;0;11;0;1;6;152;10;16;30;1;4;18;9;5;10;9;2;7;24;2;2;1;12;20;2;2;21;0;0;4;4;2;8;7;11;2;10;17;2;6;1;2;2;13;14;31;0;30;2;9;6
Spino d'Adda, Circonvallazione, 13;11;3;57;42;30;195;25;1;4;273;5;1;0;41;11;13;18;524;18;83;126;5;22;82;13;27;34;47;4;13;134;1;6;2;48;46;16;2;123;6;0;12;24;1;24;34;61;16;42;65;1;24;1;1;9;18;87;69;0;106;27;48;19
Castelverde, Ubaldo Ferrari, 15;5;1;2;2;2;17;5;1;0;125;2;0;0;4;1;1;2;117;1;8;25;1;5;12;2;10;7;7;0;1;3;1;0;1;7;5;1;7;19;2;0;6;9;0;7;8;5;1;8;5;1;13;0;0;0;2;8;5;4;11;2;7;3
Trigolo, Roma, 26;2;0;12;11;2;36;4;2;1;33;0;1;0;12;1;1;0;100;0;5;18;2;4;15;4;4;0;7;1;3;17;2;1;1;4;4;18;1;21;0;0;9;1;0;4;9;4;3;11;16;2;4;0;3;1;8;11;16;1;12;2;6;1
Soresina, Giacomo Matteotti, 6;17;1;33;19;17;111;13;6;6;310;0;2;0;18;4;28;12;334;11;35;56;4;10;36;28;11;18;23;1;10;30;6;2;3;26;7;6;6;84;4;0;7;9;0;24;19;20;11;19;42;6;16;0;2;14;14;29;52;0;45;11;28;12
Cremona, Felice Cavallotti, 2;0;0;0;0;0;1;0;2;0;9;1;0;0;1;0;0;0;5;0;0;2;0;2;0;0;0;0;1;0;0;0;2;0;0;1;0;1;0;0;3;0;0;0;0;0;0;0;0;0;1;2;0;0;0;0;0;2;1;0;2;0;0;1
Vailate, Dante Alighieri, 7;4;0;17;3;14;58;9;1;1;187;0;0;0;3;0;1;2;183;4;13;18;3;8;24;7;11;10;9;1;1;13;1;3;1;12;7;5;2;24;1;48;2;9;0;6;12;7;3;9;20;1;4;0;1;0;8;18;11;1;22;4;12;10
Bonemerse, Roma, 25;6;0;5;6;5;12;3;1;0;45;1;0;0;9;1;0;7;58;2;6;15;0;7;4;1;5;5;7;1;3;4;1;0;0;7;3;2;2;13;0;0;8;3;0;5;9;2;1;7;4;1;1;0;0;1;1;16;5;1;23;4;2;1
Vescovato, Roma, 44;14;4;20;22;13;87;11;1;4;255;0;0;0;38;9;7;14;319;14;45;81;2;11;41;4;16;24;25;5;13;36;1;8;2;35;29;2;5;56;3;1;21;34;0;11;25;26;17;20;24;1;28;0;0;1;19;41;55;1;84;16;26;4
Casaletto Vaprio, Maggiore, 7;2;0;6;3;5;9;1;2;0;29;0;0;0;2;0;0;1;51;1;3;4;0;2;7;4;2;3;1;0;1;4;2;1;0;4;4;0;0;4;0;0;0;4;11;1;4;6;0;2;5;2;2;0;2;1;5;3;8;0;5;2;7;1
Sergnano, IV Novembre,  10;38;6;92;78;57;314;40;20;8;364;5;1;0;85;14;16;23;926;36;70;166;17;25;86;23;41;50;65;15;25;148;20;6;6;63;51;10;10;138;5;0;38;53;2;39;80;71;31;80;87;20;61;3;3;8;63;80;126;0;157;36;72;33
Persico Dosimo, Albert ,7;3;2;8;10;4;43;2;6;2;99;1;0;0;6;2;6;5;136;8;12;29;0;1;15;2;12;26;19;1;4;7;6;2;2;3;5;2;0;24;0;0;11;7;0;5;15;11;1;9;8;6;4;0;1;1;7;14;14;1;17;10;16;7
Bagnolo Cremasco, Roma, 3;34;3;72;55;19;290;36;19;5;574;2;1;1;89;8;15;32;889;28;198;141;11;19;109;27;32;50;37;11;44;109;19;10;5;107;50;20;15;152;10;0;30;29;1;46;60;162;23;72;80;19;33;4;8;18;57;77;117;1;178;31;78;36
Casalmaggiore, Guglielmo Marconi, 8;41;4;65;54;46;266;37;4;9;1223;2;0;0;53;12;30;28;1316;58;107;219;16;21;85;26;48;145;107;11;28;86;4;2;14;71;58;12;13;181;18;0;36;53;0;48;99;49;31;82;57;4;395;1;2;4;44;100;104;12;155;43;65;24
Romanengo, Guaiarini, 14;7;0;16;7;9;52;9;2;2;115;2;1;0;12;1;1;5;164;5;22;38;0;3;8;3;8;6;15;1;5;22;2;0;3;17;12;1;2;30;2;0;4;6;0;21;11;3;32;18;21;2;10;0;3;2;9;18;30;0;43;9;12;5
Cremona, Ugolani Dati, 4;1;0;2;3;0;8;0;1;0;7;0;0;0;9;1;1;2;5;2;1;1;1;0;6;0;2;4;2;0;59;2;1;0;0;1;3;0;0;3;1;1;1;41;0;1;1;2;2;1;1;1;2;0;0;0;4;1;1;0;8;6;1;0
Agnadello, Marconi, 6;9;1;31;14;9;96;9;1;3;182;1;0;0;11;4;0;9;217;16;20;32;3;15;40;11;13;19;11;0;8;32;1;4;3;13;21;3;4;54;3;1;4;7;1;10;17;13;6;17;327;1;9;2;1;3;18;24;15;0;46;7;26;2
Piadena, Platina, 40;30;3;39;30;33;175;30;2;3;573;2;1;0;42;3;15;19;792;28;61;134;9;20;62;22;54;92;83;4;23;61;2;4;19;48;43;10;10;110;4;1;27;24;1;27;56;27;14;204;37;2;46;2;6;1;33;82;65;5;122;34;53;22
Izano, Gerardo da Izano, 4/C;1;0;4;7;4;14;6;1;0;45;0;0;0;6;1;1;1;43;2;3;9;1;0;8;2;2;1;3;1;0;10;1;0;2;2;5;0;1;9;0;0;0;5;1;2;3;2;0;5;4;1;3;0;2;0;4;6;8;0;13;0;3;2
Casale Cremasco-Vidolasco, Roma, 56;0;1;1;1;1;8;1;0;0;16;0;0;0;3;1;0;0;26;0;2;7;0;1;2;1;1;3;2;0;3;5;0;0;1;1;3;2;0;6;0;0;1;2;0;1;5;3;1;0;3;0;0;1;0;0;0;1;1;0;2;0;1;1
Annicco, Giuseppe Garibaldi, 6;1;0;4;2;1;8;1;0;0;5;0;1;0;1;1;0;1;14;1;1;2;0;0;3;2;2;2;2;0;0;3;0;1;1;1;2;0;0;6;0;0;3;1;0;1;2;1;0;2;6;0;2;0;0;7;3;0;4;0;3;0;2;3
Sospiro, Tosi;6;0;8;12;5;37;5;1;0;78;0;0;0;4;1;0;3;129;5;8;17;1;3;11;4;9;7;13;0;2;13;1;1;4;12;12;3;1;17;0;1;4;2;0;12;9;10;3;9;15;1;8;0;0;0;7;17;15;1;15;8;13;1
Capralba, Piave, 2;14;2;38;53;10;120;24;9;4;127;0;0;0;39;5;2;7;358;24;18;63;2;6;44;8;24;18;23;6;19;38;9;0;1;28;30;5;2;57;3;0;9;24;0;14;20;18;12;10;19;9;14;0;1;3;29;22;72;0;62;16;22;18
Madignano, Portici, 4;7;1;31;15;8;88;17;1;5;283;0;0;0;26;2;3;9;305;17;29;46;4;7;29;22;11;22;22;1;14;53;1;2;4;17;16;4;0;42;1;0;13;13;0;15;14;14;4;21;26;1;21;4;5;1;14;18;58;2;51;10;23;12
Sesto ed Uniti, Roma, 4;3;1;5;0;3;3;0;1;0;13;0;0;0;3;0;0;0;37;2;1;8;1;0;3;0;5;4;5;0;1;2;1;1;0;2;3;1;1;15;0;0;0;2;0;4;4;2;1;2;3;1;3;0;0;1;0;4;1;4;7;2;3;1
Pandino, Castello, 15;19;1;27;28;16;130;17;5;4;249;1;1;0;29;1;7;15;364;11;28;51;3;15;42;17;8;26;17;4;15;45;5;10;1;28;16;6;2;36;1;0;10;22;1;25;31;25;2;24;32;5;14;1;3;5;20;39;42;3;92;15;22;8
Cingia de' Botti, Giuseppina, 79;2;1;15;9;9;57;12;1;1;122;0;0;0;9;5;1;6;147;25;12;31;3;5;20;4;7;16;10;0;8;20;1;2;2;13;5;4;2;27;0;1;5;9;1;7;19;10;4;6;9;1;7;0;0;0;10;18;17;1;25;1436;11;7
Pianengo, Nenni;4;0;30;13;23;97;16;7;2;149;0;1;0;16;0;1;8;248;8;15;56;3;11;35;16;8;20;14;2;10;39;7;1;1;14;24;5;5;31;3;0;11;14;0;13;18;14;10;10;23;7;9;1;6;2;13;22;35;2;55;7;58;9
Vaiano Cremasco,  Gloriosi Caduti, 3;2;0;10;13;5;48;4;3;1;105;0;0;0;5;0;1;4;126;5;7;25;1;1;14;0;3;6;10;1;5;15;3;0;1;5;9;2;0;8;1;0;6;6;1;4;5;6;4;3;5;3;4;0;0;1;12;8;12;0;23;5;9;28
