;Agnadello, Marconi, 6;Annicco, Giuseppe Garibaldi, 6;Bagnolo Cremasco, Roma, 3;Bonemerse, Roma, 25;Camisano, Trieste, 57;Capergnanica, XI febbraio, 7;Capralba, Piave, 2;Casalbuttano ed Uniti, Jacini, 23;Casale Cremasco-Vidolasco, Roma, 56;Casalmaggiore, Guglielmo Marconi, 8;Casalpusterlengo, Pusterla 7;Castelleone, Roma, 67;Castelverde, Ubaldo Ferrari, 15;Cingia de' Botti, Giuseppina, 79;Crema, Civerchi, 9;Crema, Dante Alighieri, 49;Cremona, Ugolani Dati, 4;Dovera, Oldrini 2;Fiesco, Giuseppe Parini, 10;Gadesco-Pieve Delmona, Giovanni Lonati 9;Grontardo, Roma, 16;Grumello Cremonese ed Uniti, Roma, 2;Gussola, Comaschi, 1;Isola Dovarese, Giacomo Matteotti, 1;Izano, Gerardo da Izano, 4/C;Madignano, Portici, 4;Martignana di Po, Libertà, 64;Monte Cremasco, Roma, 12;Montodine,  XXV Aprile, 10;Offanengo, Clavelli Martini, 5;Ostiano, Mazzini, 1;Paderno Ponchielli, Municipio, 3;Palazzo Pignano, Marco Polo, 31;Pandino, Castello, 15;Persico Dosimo, Albert ,7;Pescarolo ed Uniti, Giuseppe Mazzini, 73;Piadena, Platina, 40;Pianengo, Nenni;Pizzighettone, Giuseppe Garibaldi, 18;Manerbio, INSURREZIONE NAZIONALE;Viadana, A. Manzoni, 2;Ricengo, Guglielmo Marconi;Ripalta Cremasca, Roma, 5;Rivarolo del Re ed Uniti, Giovanni XXIII, 5;Rivolta d'Adda, Stefano Renzi, 5;Romanengo, Guaiarini, 14;San Bassano, Mons. Frosi;San Giovanni in Croce, Feudatari, 25 A;Scandolara Ravara, Italia;Sergnano, IV Novembre,  10;Sesto ed Uniti, Roma, 4;Solarolo Rainerio, Giuseppina, 81;Soncino, Dante Alighieri, 23;Soresina, Giacomo Matteotti, 6;Sospiro, Tosi;Spino d'Adda, Circonvallazione, 13;Trescore Cremasco, Vittorio Veneto, 1;Trigolo, Roma, 26;Vaiano Cremasco,  Gloriosi Caduti, 3;Vailate, Dante Alighieri, 7;Vescovato, Roma, 44;Cremona, Felice Cavallotti, 2;Cremona, Palosca n. 2;Casaletto Vaprio, Maggiore, 7;Cremona, Sesto 39
Agnadello, Marconi, 6;4.0;16.0;16.0;1.0;4.0;16.0;4.0;4.0;4.0;4.0;4.0;9.0;4.0;4.0;5.0625;1;2.25;4.0;4.0;2.25;4.0;4.0;4.0;4.0;4.0;4.0;4.0;16.0;16.0;4.0;4.0;16.0;16.0;9.0;2.25;9.0;4.0;4.0;2.25;2.25;4.0;4.0;16.0;4.0;9.0;4.0;4.0;5.444444444444443;4.0;4.0;4.0;9.0;4.0;2.25;1;9.0;16.0;4.0;16.0;4.0;9.0;1.0;1.0;16.0;9.0
Annicco, Giuseppe Garibaldi, 6;4.0;4.0;4.0;9.0;4.0;4.0;4.0;4.0;4.0;9.0;16.0;9.0;4.0;16.0;7.5625;1;6.25;4.0;16.0;6.25;4.0;16.0;4.0;16.0;16.0;16.0;4.0;4.0;4.0;9.0;4.0;4.0;4.0;4.0;6.25;9.0;9.0;4.0;12.25;6.25;4.0;4.0;4.0;16.0;4.0;4.0;16.0;5.444444444444443;16.0;4.0;16.0;1.0;9.0;12.25;1;4.0;4.0;16.0;4.0;4.0;4.0;9.0;9.0;4.0;1.0
Bagnolo Cremasco, Roma, 3;4.0;4.0;4.0;9.0;4.0;4.0;4.0;4.0;4.0;9.0;16.0;9.0;4.0;16.0;7.5625;1;6.25;4.0;16.0;6.25;4.0;16.0;4.0;16.0;16.0;16.0;4.0;4.0;4.0;9.0;4.0;4.0;4.0;4.0;6.25;9.0;9.0;4.0;12.25;6.25;4.0;4.0;4.0;16.0;4.0;4.0;16.0;5.444444444444443;16.0;4.0;16.0;1.0;9.0;12.25;1;4.0;4.0;16.0;4.0;4.0;4.0;9.0;9.0;4.0;1.0
Bonemerse, Roma, 25;9.0;25.0;25.0;4.0;9.0;25.0;9.0;9.0;9.0;4.0;1.0;9.0;9.0;1.0;7.5625;1;6.25;9.0;1.0;6.25;9.0;1.0;9.0;1.0;1.0;1.0;9.0;25.0;25.0;4.0;9.0;25.0;25.0;16.0;6.25;9.0;4.0;9.0;2.25;6.25;9.0;9.0;25.0;1.0;16.0;9.0;1.0;7.111111111111111;1.0;9.0;1.0;16.0;4.0;2.25;1;16.0;25.0;1.0;25.0;9.0;16.0;4.0;4.0;25.0;16.0
Camisano, Trieste, 57;4.0;16.0;16.0;1.0;4.0;16.0;4.0;4.0;4.0;4.0;4.0;9.0;4.0;4.0;5.0625;1;2.25;4.0;4.0;2.25;4.0;4.0;4.0;4.0;4.0;4.0;4.0;16.0;16.0;4.0;4.0;16.0;16.0;9.0;2.25;9.0;4.0;4.0;2.25;2.25;4.0;4.0;16.0;4.0;9.0;4.0;4.0;5.444444444444443;4.0;4.0;4.0;9.0;4.0;2.25;1;9.0;16.0;4.0;16.0;4.0;9.0;1.0;1.0;16.0;9.0
Capergnanica, XI febbraio, 7;4.0;4.0;4.0;9.0;4.0;4.0;4.0;4.0;4.0;9.0;16.0;9.0;4.0;16.0;7.5625;1;6.25;4.0;16.0;6.25;4.0;16.0;4.0;16.0;16.0;16.0;4.0;4.0;4.0;9.0;4.0;4.0;4.0;4.0;6.25;9.0;9.0;4.0;12.25;6.25;4.0;4.0;4.0;16.0;4.0;4.0;16.0;5.444444444444443;16.0;4.0;16.0;1.0;9.0;12.25;1;4.0;4.0;16.0;4.0;4.0;4.0;9.0;9.0;4.0;1.0
Capralba, Piave, 2;4.0;16.0;16.0;1.0;4.0;16.0;4.0;4.0;4.0;4.0;4.0;9.0;4.0;4.0;5.0625;1;2.25;4.0;4.0;2.25;4.0;4.0;4.0;4.0;4.0;4.0;4.0;16.0;16.0;4.0;4.0;16.0;16.0;9.0;2.25;9.0;4.0;4.0;2.25;2.25;4.0;4.0;16.0;4.0;9.0;4.0;4.0;5.444444444444443;4.0;4.0;4.0;9.0;4.0;2.25;1;9.0;16.0;4.0;16.0;4.0;9.0;1.0;1.0;16.0;9.0
Casalbuttano ed Uniti, Jacini, 23;4.0;16.0;16.0;1.0;4.0;16.0;4.0;4.0;4.0;4.0;4.0;9.0;4.0;4.0;5.0625;1;2.25;4.0;4.0;2.25;4.0;4.0;4.0;4.0;4.0;4.0;4.0;16.0;16.0;4.0;4.0;16.0;16.0;9.0;2.25;9.0;4.0;4.0;2.25;2.25;4.0;4.0;16.0;4.0;9.0;4.0;4.0;5.444444444444443;4.0;4.0;4.0;9.0;4.0;2.25;1;9.0;16.0;4.0;16.0;4.0;9.0;1.0;1.0;16.0;9.0
Casale Cremasco-Vidolasco, Roma, 56;4.0;16.0;16.0;1.0;4.0;16.0;4.0;4.0;4.0;4.0;4.0;9.0;4.0;4.0;5.0625;1;2.25;4.0;4.0;2.25;4.0;4.0;4.0;4.0;4.0;4.0;4.0;16.0;16.0;4.0;4.0;16.0;16.0;9.0;2.25;9.0;4.0;4.0;2.25;2.25;4.0;4.0;16.0;4.0;9.0;4.0;4.0;5.444444444444443;4.0;4.0;4.0;9.0;4.0;2.25;1;9.0;16.0;4.0;16.0;4.0;9.0;1.0;1.0;16.0;9.0
Casalmaggiore, Guglielmo Marconi, 8;9.0;25.0;25.0;4.0;9.0;25.0;9.0;9.0;9.0;6.25;4.0;12.25;9.0;4.0;9.0;1;6.25;9.0;4.0;6.25;9.0;4.0;9.0;4.0;4.0;4.0;9.0;25.0;25.0;6.25;9.0;25.0;25.0;16.0;6.25;12.25;6.25;9.0;4.0;6.25;9.0;9.0;25.0;4.0;16.0;9.0;4.0;9.0;4.0;9.0;4.0;16.0;6.25;4.0;1;16.0;25.0;4.0;25.0;9.0;16.0;4.0;4.0;25.0;16.0
Casalpusterlengo, Pusterla 7;16.0;36.0;36.0;9.0;16.0;36.0;16.0;16.0;16.0;9.0;4.0;16.0;16.0;4.0;14.0625;1;12.25;16.0;4.0;12.25;16.0;4.0;16.0;4.0;4.0;4.0;16.0;36.0;36.0;9.0;16.0;36.0;36.0;25.0;12.25;16.0;9.0;16.0;6.25;12.25;16.0;16.0;36.0;4.0;25.0;16.0;4.0;13.444444444444443;4.0;16.0;4.0;25.0;9.0;6.25;1;25.0;36.0;4.0;36.0;16.0;25.0;9.0;9.0;36.0;25.0
Castelleone, Roma, 67;9.0;16.0;16.0;9.0;9.0;16.0;9.0;9.0;9.0;9.0;9.0;12.25;9.0;9.0;10.5625;1;9.0;9.0;9.0;9.0;9.0;9.0;9.0;9.0;9.0;9.0;9.0;16.0;16.0;9.0;9.0;16.0;16.0;12.25;9.0;12.25;9.0;9.0;9.0;9.0;9.0;9.0;16.0;9.0;12.25;9.0;9.0;9.0;9.0;9.0;9.0;9.0;9.0;9.0;1;12.25;16.0;9.0;16.0;9.0;12.25;9.0;9.0;16.0;9.0
Castelverde, Ubaldo Ferrari, 15;4.0;16.0;16.0;1.0;4.0;16.0;4.0;4.0;4.0;4.0;4.0;9.0;4.0;4.0;5.0625;1;2.25;4.0;4.0;2.25;4.0;4.0;4.0;4.0;4.0;4.0;4.0;16.0;16.0;4.0;4.0;16.0;16.0;9.0;2.25;9.0;4.0;4.0;2.25;2.25;4.0;4.0;16.0;4.0;9.0;4.0;4.0;5.444444444444443;4.0;4.0;4.0;9.0;4.0;2.25;1;9.0;16.0;4.0;16.0;4.0;9.0;1.0;1.0;16.0;9.0
Cingia de' Botti, Giuseppina, 79;16.0;36.0;36.0;9.0;16.0;36.0;16.0;16.0;16.0;9.0;4.0;16.0;16.0;4.0;14.0625;1;12.25;16.0;4.0;12.25;16.0;4.0;16.0;4.0;4.0;4.0;16.0;36.0;36.0;9.0;16.0;36.0;36.0;25.0;12.25;16.0;9.0;16.0;6.25;12.25;16.0;16.0;36.0;4.0;25.0;16.0;4.0;13.444444444444443;4.0;16.0;4.0;25.0;9.0;6.25;1;25.0;36.0;4.0;36.0;16.0;25.0;9.0;9.0;36.0;25.0
Crema, Civerchi, 9;7.5625;18.0625;18.0625;5.0625;7.5625;18.0625;7.5625;7.5625;7.5625;6.25;5.0625;10.5625;7.5625;5.0625;8.265625;1;6.25;7.5625;5.0625;6.25;7.5625;5.0625;7.5625;5.0625;5.0625;5.0625;7.5625;18.0625;18.0625;6.25;7.5625;18.0625;18.0625;12.25;6.25;10.5625;6.25;7.5625;5.0625;6.25;7.5625;7.5625;18.0625;5.0625;12.25;7.5625;5.0625;7.5625;5.0625;7.5625;5.0625;10.5625;6.25;5.0625;1;12.25;18.0625;5.0625;18.0625;7.5625;12.25;5.0625;5.0625;18.0625;10.5625
Crema, Dante Alighieri, 49;1.0;1.0;1.0;1.0;1.0;1.0;1.0;1.0;1.0;1.0;1.0;1.0;1.0;1.0;1.0;1;1.0;1.0;1.0;1.0;1.0;1.0;1.0;1.0;1.0;1.0;1.0;1.0;1.0;1.0;1.0;1.0;1.0;1.0;1.0;1.0;1.0;1.0;1.0;1.0;1.0;1.0;1.0;1.0;1.0;1.0;1.0;1.0;1.0;1.0;1.0;1.0;1.0;1.0;1;1.0;1.0;1.0;1.0;1.0;1.0;1.0;1.0;1.0;1.0
Cremona, Ugolani Dati, 4;6.25;20.25;20.25;2.25;6.25;20.25;6.25;6.25;6.25;4.0;2.25;9.0;6.25;2.25;6.25;1;4.0;6.25;2.25;4.0;6.25;2.25;6.25;2.25;2.25;2.25;6.25;20.25;20.25;4.0;6.25;20.25;20.25;12.25;4.0;9.0;4.0;6.25;2.25;4.0;6.25;6.25;20.25;2.25;12.25;6.25;2.25;6.25;2.25;6.25;2.25;12.25;4.0;2.25;1;12.25;20.25;2.25;20.25;6.25;12.25;2.25;2.25;20.25;12.25
Dovera, Oldrini 2;4.0;16.0;16.0;1.0;4.0;16.0;4.0;4.0;4.0;4.0;4.0;9.0;4.0;4.0;5.0625;1;2.25;4.0;4.0;2.25;4.0;4.0;4.0;4.0;4.0;4.0;4.0;16.0;16.0;4.0;4.0;16.0;16.0;9.0;2.25;9.0;4.0;4.0;2.25;2.25;4.0;4.0;16.0;4.0;9.0;4.0;4.0;5.444444444444443;4.0;4.0;4.0;9.0;4.0;2.25;1;9.0;16.0;4.0;16.0;4.0;9.0;1.0;1.0;16.0;9.0
Fiesco, Giuseppe Parini, 10;16.0;36.0;36.0;9.0;16.0;36.0;16.0;16.0;16.0;9.0;4.0;16.0;16.0;4.0;14.0625;1;12.25;16.0;4.0;12.25;16.0;4.0;16.0;4.0;4.0;4.0;16.0;36.0;36.0;9.0;16.0;36.0;36.0;25.0;12.25;16.0;9.0;16.0;6.25;12.25;16.0;16.0;36.0;4.0;25.0;16.0;4.0;13.444444444444443;4.0;16.0;4.0;25.0;9.0;6.25;1;25.0;36.0;4.0;36.0;16.0;25.0;9.0;9.0;36.0;25.0
Gadesco-Pieve Delmona, Giovanni Lonati 9;6.25;20.25;20.25;2.25;6.25;20.25;6.25;6.25;6.25;4.0;2.25;9.0;6.25;2.25;6.25;1;4.0;6.25;2.25;4.0;6.25;2.25;6.25;2.25;2.25;2.25;6.25;20.25;20.25;4.0;6.25;20.25;20.25;12.25;4.0;9.0;4.0;6.25;2.25;4.0;6.25;6.25;20.25;2.25;12.25;6.25;2.25;6.25;2.25;6.25;2.25;12.25;4.0;2.25;1;12.25;20.25;2.25;20.25;6.25;12.25;2.25;2.25;20.25;12.25
Grontardo, Roma, 16;4.0;16.0;16.0;1.0;4.0;16.0;4.0;4.0;4.0;4.0;4.0;9.0;4.0;4.0;5.0625;1;2.25;4.0;4.0;2.25;4.0;4.0;4.0;4.0;4.0;4.0;4.0;16.0;16.0;4.0;4.0;16.0;16.0;9.0;2.25;9.0;4.0;4.0;2.25;2.25;4.0;4.0;16.0;4.0;9.0;4.0;4.0;5.444444444444443;4.0;4.0;4.0;9.0;4.0;2.25;1;9.0;16.0;4.0;16.0;4.0;9.0;1.0;1.0;16.0;9.0
Grumello Cremonese ed Uniti, Roma, 2;16.0;36.0;36.0;9.0;16.0;36.0;16.0;16.0;16.0;9.0;4.0;16.0;16.0;4.0;14.0625;1;12.25;16.0;4.0;12.25;16.0;4.0;16.0;4.0;4.0;4.0;16.0;36.0;36.0;9.0;16.0;36.0;36.0;25.0;12.25;16.0;9.0;16.0;6.25;12.25;16.0;16.0;36.0;4.0;25.0;16.0;4.0;13.444444444444443;4.0;16.0;4.0;25.0;9.0;6.25;1;25.0;36.0;4.0;36.0;16.0;25.0;9.0;9.0;36.0;25.0
Gussola, Comaschi, 1;4.0;16.0;16.0;1.0;4.0;16.0;4.0;4.0;4.0;4.0;4.0;9.0;4.0;4.0;5.0625;1;2.25;4.0;4.0;2.25;4.0;4.0;4.0;4.0;4.0;4.0;4.0;16.0;16.0;4.0;4.0;16.0;16.0;9.0;2.25;9.0;4.0;4.0;2.25;2.25;4.0;4.0;16.0;4.0;9.0;4.0;4.0;5.444444444444443;4.0;4.0;4.0;9.0;4.0;2.25;1;9.0;16.0;4.0;16.0;4.0;9.0;1.0;1.0;16.0;9.0
Isola Dovarese, Giacomo Matteotti, 1;16.0;36.0;36.0;9.0;16.0;36.0;16.0;16.0;16.0;9.0;4.0;16.0;16.0;4.0;14.0625;1;12.25;16.0;4.0;12.25;16.0;4.0;16.0;4.0;4.0;4.0;16.0;36.0;36.0;9.0;16.0;36.0;36.0;25.0;12.25;16.0;9.0;16.0;6.25;12.25;16.0;16.0;36.0;4.0;25.0;16.0;4.0;13.444444444444443;4.0;16.0;4.0;25.0;9.0;6.25;1;25.0;36.0;4.0;36.0;16.0;25.0;9.0;9.0;36.0;25.0
Izano, Gerardo da Izano, 4/C;16.0;36.0;36.0;9.0;16.0;36.0;16.0;16.0;16.0;9.0;4.0;16.0;16.0;4.0;14.0625;1;12.25;16.0;4.0;12.25;16.0;4.0;16.0;4.0;4.0;4.0;16.0;36.0;36.0;9.0;16.0;36.0;36.0;25.0;12.25;16.0;9.0;16.0;6.25;12.25;16.0;16.0;36.0;4.0;25.0;16.0;4.0;13.444444444444443;4.0;16.0;4.0;25.0;9.0;6.25;1;25.0;36.0;4.0;36.0;16.0;25.0;9.0;9.0;36.0;25.0
Madignano, Portici, 4;16.0;36.0;36.0;9.0;16.0;36.0;16.0;16.0;16.0;9.0;4.0;16.0;16.0;4.0;14.0625;1;12.25;16.0;4.0;12.25;16.0;4.0;16.0;4.0;4.0;4.0;16.0;36.0;36.0;9.0;16.0;36.0;36.0;25.0;12.25;16.0;9.0;16.0;6.25;12.25;16.0;16.0;36.0;4.0;25.0;16.0;4.0;13.444444444444443;4.0;16.0;4.0;25.0;9.0;6.25;1;25.0;36.0;4.0;36.0;16.0;25.0;9.0;9.0;36.0;25.0
Martignana di Po, Libertà, 64;4.0;16.0;16.0;1.0;4.0;16.0;4.0;4.0;4.0;4.0;4.0;9.0;4.0;4.0;5.0625;1;2.25;4.0;4.0;2.25;4.0;4.0;4.0;4.0;4.0;4.0;4.0;16.0;16.0;4.0;4.0;16.0;16.0;9.0;2.25;9.0;4.0;4.0;2.25;2.25;4.0;4.0;16.0;4.0;9.0;4.0;4.0;5.444444444444443;4.0;4.0;4.0;9.0;4.0;2.25;1;9.0;16.0;4.0;16.0;4.0;9.0;1.0;1.0;16.0;9.0
Monte Cremasco, Roma, 12;4.0;4.0;4.0;9.0;4.0;4.0;4.0;4.0;4.0;9.0;16.0;9.0;4.0;16.0;7.5625;1;6.25;4.0;16.0;6.25;4.0;16.0;4.0;16.0;16.0;16.0;4.0;4.0;4.0;9.0;4.0;4.0;4.0;4.0;6.25;9.0;9.0;4.0;12.25;6.25;4.0;4.0;4.0;16.0;4.0;4.0;16.0;5.444444444444443;16.0;4.0;16.0;1.0;9.0;12.25;1;4.0;4.0;16.0;4.0;4.0;4.0;9.0;9.0;4.0;1.0
Montodine,  XXV Aprile, 10;4.0;4.0;4.0;9.0;4.0;4.0;4.0;4.0;4.0;9.0;16.0;9.0;4.0;16.0;7.5625;1;6.25;4.0;16.0;6.25;4.0;16.0;4.0;16.0;16.0;16.0;4.0;4.0;4.0;9.0;4.0;4.0;4.0;4.0;6.25;9.0;9.0;4.0;12.25;6.25;4.0;4.0;4.0;16.0;4.0;4.0;16.0;5.444444444444443;16.0;4.0;16.0;1.0;9.0;12.25;1;4.0;4.0;16.0;4.0;4.0;4.0;9.0;9.0;4.0;1.0
Offanengo, Clavelli Martini, 5;9.0;25.0;25.0;4.0;9.0;25.0;9.0;9.0;9.0;6.25;4.0;12.25;9.0;4.0;9.0;1;6.25;9.0;4.0;6.25;9.0;4.0;9.0;4.0;4.0;4.0;9.0;25.0;25.0;6.25;9.0;25.0;25.0;16.0;6.25;12.25;6.25;9.0;4.0;6.25;9.0;9.0;25.0;4.0;16.0;9.0;4.0;9.0;4.0;9.0;4.0;16.0;6.25;4.0;1;16.0;25.0;4.0;25.0;9.0;16.0;4.0;4.0;25.0;16.0
Ostiano, Mazzini, 1;4.0;16.0;16.0;4.0;4.0;16.0;4.0;4.0;4.0;4.0;4.0;9.0;4.0;4.0;6.25;1;4.0;4.0;4.0;4.0;4.0;4.0;4.0;4.0;4.0;4.0;4.0;16.0;16.0;4.0;6.25;16.0;16.0;9.0;4.0;9.0;4.0;4.0;4.0;4.0;4.0;4.0;16.0;4.0;9.0;4.0;4.0;5.444444444444443;4.0;4.0;4.0;9.0;4.0;4.0;1;9.0;16.0;4.0;16.0;4.0;9.0;4.0;4.0;16.0;9.0
Paderno Ponchielli, Municipio, 3;4.0;4.0;4.0;9.0;4.0;4.0;4.0;4.0;4.0;9.0;16.0;9.0;4.0;16.0;7.5625;1;6.25;4.0;16.0;6.25;4.0;16.0;4.0;16.0;16.0;16.0;4.0;4.0;4.0;9.0;4.0;4.0;4.0;4.0;6.25;9.0;9.0;4.0;12.25;6.25;4.0;4.0;4.0;16.0;4.0;4.0;16.0;5.444444444444443;16.0;4.0;16.0;1.0;9.0;12.25;1;4.0;4.0;16.0;4.0;4.0;4.0;9.0;9.0;4.0;1.0
Palazzo Pignano, Marco Polo, 31;4.0;4.0;4.0;9.0;4.0;4.0;4.0;4.0;4.0;9.0;16.0;9.0;4.0;16.0;7.5625;1;6.25;4.0;16.0;6.25;4.0;16.0;4.0;16.0;16.0;16.0;4.0;4.0;4.0;9.0;4.0;4.0;4.0;4.0;6.25;9.0;9.0;4.0;12.25;6.25;4.0;4.0;4.0;16.0;4.0;4.0;16.0;5.444444444444443;16.0;4.0;16.0;1.0;9.0;12.25;1;4.0;4.0;16.0;4.0;4.0;4.0;9.0;9.0;4.0;1.0
Pandino, Castello, 15;4.0;9.0;9.0;4.0;4.0;9.0;4.0;4.0;4.0;6.25;9.0;9.0;4.0;9.0;6.25;1;4.0;4.0;9.0;4.0;4.0;9.0;4.0;9.0;9.0;9.0;4.0;9.0;9.0;6.25;4.0;9.0;9.0;6.25;4.0;9.0;6.25;4.0;6.25;4.0;4.0;4.0;9.0;9.0;6.25;4.0;9.0;5.444444444444443;9.0;4.0;9.0;4.0;6.25;6.25;1;6.25;9.0;9.0;9.0;4.0;6.25;4.0;4.0;9.0;4.0
Persico Dosimo, Albert ,7;6.25;20.25;20.25;2.25;6.25;20.25;6.25;6.25;6.25;4.0;2.25;9.0;6.25;2.25;6.25;1;4.0;6.25;2.25;4.0;6.25;2.25;6.25;2.25;2.25;2.25;6.25;20.25;20.25;4.0;6.25;20.25;20.25;12.25;4.0;9.0;4.0;6.25;2.25;4.0;6.25;6.25;20.25;2.25;12.25;6.25;2.25;6.25;2.25;6.25;2.25;12.25;4.0;2.25;1;12.25;20.25;2.25;20.25;6.25;12.25;2.25;2.25;20.25;12.25
Pescarolo ed Uniti, Giuseppe Mazzini, 73;9.0;16.0;16.0;9.0;9.0;16.0;9.0;9.0;9.0;9.0;9.0;12.25;9.0;9.0;10.5625;1;9.0;9.0;9.0;9.0;9.0;9.0;9.0;9.0;9.0;9.0;9.0;16.0;16.0;9.0;9.0;16.0;16.0;12.25;9.0;12.25;9.0;9.0;9.0;9.0;9.0;9.0;16.0;9.0;12.25;9.0;9.0;9.0;9.0;9.0;9.0;9.0;9.0;9.0;1;12.25;16.0;9.0;16.0;9.0;12.25;9.0;9.0;16.0;9.0
Piadena, Platina, 40;9.0;25.0;25.0;4.0;9.0;25.0;9.0;9.0;9.0;6.25;4.0;12.25;9.0;4.0;9.0;1;6.25;9.0;4.0;6.25;9.0;4.0;9.0;4.0;4.0;4.0;9.0;25.0;25.0;6.25;9.0;25.0;25.0;16.0;6.25;12.25;6.25;9.0;4.0;6.25;9.0;9.0;25.0;4.0;16.0;9.0;4.0;9.0;4.0;9.0;4.0;16.0;6.25;4.0;1;16.0;25.0;4.0;25.0;9.0;16.0;4.0;4.0;25.0;16.0
Pianengo, Nenni;4.0;16.0;16.0;1.0;4.0;16.0;4.0;4.0;4.0;4.0;4.0;9.0;4.0;4.0;5.0625;1;2.25;4.0;4.0;2.25;4.0;4.0;4.0;4.0;4.0;4.0;4.0;16.0;16.0;4.0;4.0;16.0;16.0;9.0;2.25;9.0;4.0;4.0;2.25;2.25;4.0;4.0;16.0;4.0;9.0;4.0;4.0;5.444444444444443;4.0;4.0;4.0;9.0;4.0;2.25;1;9.0;16.0;4.0;16.0;4.0;9.0;1.0;1.0;16.0;9.0
Pizzighettone, Giuseppe Garibaldi, 18;12.25;30.25;30.25;6.25;12.25;30.25;12.25;12.25;12.25;6.25;2.25;12.25;12.25;2.25;10.5625;1;9.0;12.25;2.25;9.0;12.25;2.25;12.25;2.25;2.25;2.25;12.25;30.25;30.25;6.25;12.25;30.25;30.25;20.25;9.0;12.25;6.25;12.25;4.0;9.0;12.25;12.25;30.25;2.25;20.25;12.25;2.25;10.027777777777777;2.25;12.25;2.25;20.25;6.25;4.0;1;20.25;30.25;2.25;30.25;12.25;20.25;6.25;6.25;30.25;20.25
Manerbio, INSURREZIONE NAZIONALE;6.25;20.25;20.25;2.25;6.25;20.25;6.25;6.25;6.25;4.0;2.25;9.0;6.25;2.25;6.25;1;4.0;6.25;2.25;4.0;6.25;2.25;6.25;2.25;2.25;2.25;6.25;20.25;20.25;4.0;6.25;20.25;20.25;12.25;4.0;9.0;4.0;6.25;2.25;4.0;6.25;6.25;20.25;2.25;12.25;6.25;2.25;6.25;2.25;6.25;2.25;12.25;4.0;2.25;1;12.25;20.25;2.25;20.25;6.25;12.25;2.25;2.25;20.25;12.25
Viadana, A. Manzoni, 2;4.0;16.0;16.0;1.0;4.0;16.0;4.0;4.0;4.0;4.0;4.0;9.0;4.0;4.0;5.0625;1;2.25;4.0;4.0;2.25;4.0;4.0;4.0;4.0;4.0;4.0;4.0;16.0;16.0;4.0;4.0;16.0;16.0;9.0;2.25;9.0;4.0;4.0;2.25;2.25;4.0;4.0;16.0;4.0;9.0;4.0;4.0;5.444444444444443;4.0;4.0;4.0;9.0;4.0;2.25;1;9.0;16.0;4.0;16.0;4.0;9.0;1.0;1.0;16.0;9.0
Ricengo, Guglielmo Marconi;4.0;16.0;16.0;1.0;4.0;16.0;4.0;4.0;4.0;4.0;4.0;9.0;4.0;4.0;5.0625;1;2.25;4.0;4.0;2.25;4.0;4.0;4.0;4.0;4.0;4.0;4.0;16.0;16.0;4.0;4.0;16.0;16.0;9.0;2.25;9.0;4.0;4.0;2.25;2.25;4.0;4.0;16.0;4.0;9.0;4.0;4.0;5.444444444444443;4.0;4.0;4.0;9.0;4.0;2.25;1;9.0;16.0;4.0;16.0;4.0;9.0;1.0;1.0;16.0;9.0
Ripalta Cremasca, Roma, 5;4.0;4.0;4.0;9.0;4.0;4.0;4.0;4.0;4.0;9.0;16.0;9.0;4.0;16.0;7.5625;1;6.25;4.0;16.0;6.25;4.0;16.0;4.0;16.0;16.0;16.0;4.0;4.0;4.0;9.0;4.0;4.0;4.0;4.0;6.25;9.0;9.0;4.0;12.25;6.25;4.0;4.0;4.0;16.0;4.0;4.0;16.0;5.444444444444443;16.0;4.0;16.0;1.0;9.0;12.25;1;4.0;4.0;16.0;4.0;4.0;4.0;9.0;9.0;4.0;1.0
Rivarolo del Re ed Uniti, Giovanni XXIII, 5;16.0;36.0;36.0;9.0;16.0;36.0;16.0;16.0;16.0;9.0;4.0;16.0;16.0;4.0;14.0625;1;12.25;16.0;4.0;12.25;16.0;4.0;16.0;4.0;4.0;4.0;16.0;36.0;36.0;9.0;16.0;36.0;36.0;25.0;12.25;16.0;9.0;16.0;6.25;12.25;16.0;16.0;36.0;4.0;25.0;16.0;4.0;13.444444444444443;4.0;16.0;4.0;25.0;9.0;6.25;1;25.0;36.0;4.0;36.0;16.0;25.0;9.0;9.0;36.0;25.0
Rivolta d'Adda, Stefano Renzi, 5;4.0;9.0;9.0;4.0;4.0;9.0;4.0;4.0;4.0;6.25;9.0;9.0;4.0;9.0;6.25;1;4.0;4.0;9.0;4.0;4.0;9.0;4.0;9.0;9.0;9.0;4.0;9.0;9.0;6.25;4.0;9.0;9.0;6.25;4.0;9.0;6.25;4.0;6.25;4.0;4.0;4.0;9.0;9.0;6.25;4.0;9.0;5.444444444444443;9.0;4.0;9.0;4.0;6.25;6.25;1;6.25;9.0;9.0;9.0;4.0;6.25;4.0;4.0;9.0;4.0
Romanengo, Guaiarini, 14;4.0;16.0;16.0;1.0;4.0;16.0;4.0;4.0;4.0;4.0;4.0;9.0;4.0;4.0;5.0625;1;2.25;4.0;4.0;2.25;4.0;4.0;4.0;4.0;4.0;4.0;4.0;16.0;16.0;4.0;4.0;16.0;16.0;9.0;2.25;9.0;4.0;4.0;2.25;2.25;4.0;4.0;16.0;4.0;9.0;4.0;4.0;5.444444444444443;4.0;4.0;4.0;9.0;4.0;2.25;1;9.0;16.0;4.0;16.0;4.0;9.0;1.0;1.0;16.0;9.0
San Bassano, Mons. Frosi;16.0;36.0;36.0;9.0;16.0;36.0;16.0;16.0;16.0;9.0;4.0;16.0;16.0;4.0;14.0625;1;12.25;16.0;4.0;12.25;16.0;4.0;16.0;4.0;4.0;4.0;16.0;36.0;36.0;9.0;16.0;36.0;36.0;25.0;12.25;16.0;9.0;16.0;6.25;12.25;16.0;16.0;36.0;4.0;25.0;16.0;4.0;13.444444444444443;4.0;16.0;4.0;25.0;9.0;6.25;1;25.0;36.0;4.0;36.0;16.0;25.0;9.0;9.0;36.0;25.0
San Giovanni in Croce, Feudatari, 25 A;5.444444444444443;18.777777777777775;18.777777777777775;4.0;5.444444444444443;18.777777777777775;5.444444444444443;5.444444444444443;5.444444444444443;5.444444444444443;5.444444444444443;11.111111111111109;5.444444444444443;5.444444444444443;7.5625;1;4.694444444444444;5.444444444444443;5.444444444444443;4.694444444444444;5.444444444444443;5.444444444444443;5.444444444444443;5.444444444444443;5.444444444444443;5.444444444444443;5.444444444444443;18.777777777777775;18.777777777777775;5.444444444444443;7.111111111111111;18.777777777777775;18.777777777777775;11.111111111111109;4.694444444444444;11.111111111111109;5.444444444444443;5.444444444444443;4.694444444444444;4.694444444444444;5.444444444444443;5.444444444444443;18.777777777777775;5.444444444444443;11.111111111111109;5.444444444444443;5.444444444444443;7.111111111111111;5.444444444444443;5.444444444444443;5.444444444444443;11.111111111111109;5.444444444444443;4.694444444444444;1;11.111111111111109;18.777777777777775;5.444444444444443;18.777777777777775;5.444444444444443;11.111111111111109;4.0;4.0;18.777777777777775;11.111111111111109
Scandolara Ravara, Italia;16.0;36.0;36.0;9.0;16.0;36.0;16.0;16.0;16.0;9.0;4.0;16.0;16.0;4.0;14.0625;1;12.25;16.0;4.0;12.25;16.0;4.0;16.0;4.0;4.0;4.0;16.0;36.0;36.0;9.0;16.0;36.0;36.0;25.0;12.25;16.0;9.0;16.0;6.25;12.25;16.0;16.0;36.0;4.0;25.0;16.0;4.0;13.444444444444443;4.0;16.0;4.0;25.0;9.0;6.25;1;25.0;36.0;4.0;36.0;16.0;25.0;9.0;9.0;36.0;25.0
Sergnano, IV Novembre,  10;4.0;16.0;16.0;1.0;4.0;16.0;4.0;4.0;4.0;4.0;4.0;9.0;4.0;4.0;5.0625;1;2.25;4.0;4.0;2.25;4.0;4.0;4.0;4.0;4.0;4.0;4.0;16.0;16.0;4.0;4.0;16.0;16.0;9.0;2.25;9.0;4.0;4.0;2.25;2.25;4.0;4.0;16.0;4.0;9.0;4.0;4.0;5.444444444444443;4.0;4.0;4.0;9.0;4.0;2.25;1;9.0;16.0;4.0;16.0;4.0;9.0;1.0;1.0;16.0;9.0
Sesto ed Uniti, Roma, 4;16.0;36.0;36.0;9.0;16.0;36.0;16.0;16.0;16.0;9.0;4.0;16.0;16.0;4.0;14.0625;1;12.25;16.0;4.0;12.25;16.0;4.0;16.0;4.0;4.0;4.0;16.0;36.0;36.0;9.0;16.0;36.0;36.0;25.0;12.25;16.0;9.0;16.0;6.25;12.25;16.0;16.0;36.0;4.0;25.0;16.0;4.0;13.444444444444443;4.0;16.0;4.0;25.0;9.0;6.25;1;25.0;36.0;4.0;36.0;16.0;25.0;9.0;9.0;36.0;25.0
Solarolo Rainerio, Giuseppina, 81;1.0;9.0;9.0;4.0;1.0;9.0;1.0;1.0;1.0;4.0;9.0;9.0;1.0;9.0;5.0625;1;2.25;1.0;9.0;2.25;1.0;9.0;1.0;9.0;9.0;9.0;1.0;9.0;9.0;4.0;4.0;9.0;9.0;4.0;2.25;9.0;4.0;1.0;6.25;2.25;1.0;1.0;9.0;9.0;4.0;1.0;9.0;4.0;9.0;1.0;9.0;4.0;4.0;6.25;1;4.0;9.0;9.0;9.0;1.0;4.0;4.0;4.0;9.0;4.0
Soncino, Dante Alighieri, 23;9.0;25.0;25.0;4.0;9.0;25.0;9.0;9.0;9.0;6.25;4.0;12.25;9.0;4.0;9.0;1;6.25;9.0;4.0;6.25;9.0;4.0;9.0;4.0;4.0;4.0;9.0;25.0;25.0;6.25;9.0;25.0;25.0;16.0;6.25;12.25;6.25;9.0;4.0;6.25;9.0;9.0;25.0;4.0;16.0;9.0;4.0;9.0;4.0;9.0;4.0;16.0;6.25;4.0;1;16.0;25.0;4.0;25.0;9.0;16.0;4.0;4.0;25.0;16.0
Soresina, Giacomo Matteotti, 6;12.25;30.25;30.25;6.25;12.25;30.25;12.25;12.25;12.25;6.25;2.25;12.25;12.25;2.25;10.5625;1;9.0;12.25;2.25;9.0;12.25;2.25;12.25;2.25;2.25;2.25;12.25;30.25;30.25;6.25;12.25;30.25;30.25;20.25;9.0;12.25;6.25;12.25;4.0;9.0;12.25;12.25;30.25;2.25;20.25;12.25;2.25;10.027777777777777;2.25;12.25;2.25;20.25;6.25;4.0;1;20.25;30.25;2.25;30.25;12.25;20.25;6.25;6.25;30.25;20.25
Sospiro, Tosi;1.0;1.0;1.0;1.0;1.0;1.0;1.0;1.0;1.0;1.0;1.0;1.0;1.0;1.0;1.0;1;1.0;1.0;1.0;1.0;1.0;1.0;1.0;1.0;1.0;1.0;1.0;1.0;1.0;1.0;1.0;1.0;1.0;1.0;1.0;1.0;1.0;1.0;1.0;1.0;1.0;1.0;1.0;1.0;1.0;1.0;1.0;1.0;1.0;1.0;1.0;1.0;1.0;1.0;1;1.0;1.0;1.0;1.0;1.0;1.0;1.0;1.0;1.0;1.0
Spino d'Adda, Circonvallazione, 13;4.0;9.0;9.0;4.0;4.0;9.0;4.0;4.0;4.0;6.25;9.0;9.0;4.0;9.0;6.25;1;4.0;4.0;9.0;4.0;4.0;9.0;4.0;9.0;9.0;9.0;4.0;9.0;9.0;6.25;4.0;9.0;9.0;6.25;4.0;9.0;6.25;4.0;6.25;4.0;4.0;4.0;9.0;9.0;6.25;4.0;9.0;5.444444444444443;9.0;4.0;9.0;4.0;6.25;6.25;1;6.25;9.0;9.0;9.0;4.0;6.25;4.0;4.0;9.0;4.0
Trescore Cremasco, Vittorio Veneto, 1;4.0;4.0;4.0;9.0;4.0;4.0;4.0;4.0;4.0;9.0;16.0;9.0;4.0;16.0;7.5625;1;6.25;4.0;16.0;6.25;4.0;16.0;4.0;16.0;16.0;16.0;4.0;4.0;4.0;9.0;4.0;4.0;4.0;4.0;6.25;9.0;9.0;4.0;12.25;6.25;4.0;4.0;4.0;16.0;4.0;4.0;16.0;5.444444444444443;16.0;4.0;16.0;1.0;9.0;12.25;1;4.0;4.0;16.0;4.0;4.0;4.0;9.0;9.0;4.0;1.0
Trigolo, Roma, 26;16.0;36.0;36.0;9.0;16.0;36.0;16.0;16.0;16.0;9.0;4.0;16.0;16.0;4.0;14.0625;1;12.25;16.0;4.0;12.25;16.0;4.0;16.0;4.0;4.0;4.0;16.0;36.0;36.0;9.0;16.0;36.0;36.0;25.0;12.25;16.0;9.0;16.0;6.25;12.25;16.0;16.0;36.0;4.0;25.0;16.0;4.0;13.444444444444443;4.0;16.0;4.0;25.0;9.0;6.25;1;25.0;36.0;4.0;36.0;16.0;25.0;9.0;9.0;36.0;25.0
Vaiano Cremasco,  Gloriosi Caduti, 3;4.0;4.0;4.0;9.0;4.0;4.0;4.0;4.0;4.0;9.0;16.0;9.0;4.0;16.0;7.5625;1;6.25;4.0;16.0;6.25;4.0;16.0;4.0;16.0;16.0;16.0;4.0;4.0;4.0;9.0;4.0;4.0;4.0;4.0;6.25;9.0;9.0;4.0;12.25;6.25;4.0;4.0;4.0;16.0;4.0;4.0;16.0;5.444444444444443;16.0;4.0;16.0;1.0;9.0;12.25;1;4.0;4.0;16.0;4.0;4.0;4.0;9.0;9.0;4.0;1.0
Vailate, Dante Alighieri, 7;4.0;16.0;16.0;1.0;4.0;16.0;4.0;4.0;4.0;4.0;4.0;9.0;4.0;4.0;5.0625;1;2.25;4.0;4.0;2.25;4.0;4.0;4.0;4.0;4.0;4.0;4.0;16.0;16.0;4.0;4.0;16.0;16.0;9.0;2.25;9.0;4.0;4.0;2.25;2.25;4.0;4.0;16.0;4.0;9.0;4.0;4.0;5.444444444444443;4.0;4.0;4.0;9.0;4.0;2.25;1;9.0;16.0;4.0;16.0;4.0;9.0;1.0;1.0;16.0;9.0
Vescovato, Roma, 44;4.0;9.0;9.0;4.0;4.0;9.0;4.0;4.0;4.0;6.25;9.0;9.0;4.0;9.0;6.25;1;4.0;4.0;9.0;4.0;4.0;9.0;4.0;9.0;9.0;9.0;4.0;9.0;9.0;6.25;4.0;9.0;9.0;6.25;4.0;9.0;6.25;4.0;6.25;4.0;4.0;4.0;9.0;9.0;6.25;4.0;9.0;5.444444444444443;9.0;4.0;9.0;4.0;6.25;6.25;1;6.25;9.0;9.0;9.0;4.0;6.25;4.0;4.0;9.0;4.0
Cremona, Felice Cavallotti, 2;9.0;25.0;25.0;4.0;9.0;25.0;9.0;9.0;9.0;4.0;1.0;9.0;9.0;1.0;7.5625;1;6.25;9.0;1.0;6.25;9.0;1.0;9.0;1.0;1.0;1.0;9.0;25.0;25.0;4.0;9.0;25.0;25.0;16.0;6.25;9.0;4.0;9.0;2.25;6.25;9.0;9.0;25.0;1.0;16.0;9.0;1.0;7.111111111111111;1.0;9.0;1.0;16.0;4.0;2.25;1;16.0;25.0;1.0;25.0;9.0;16.0;4.0;4.0;25.0;16.0
Cremona, Palosca n. 2;9.0;25.0;25.0;4.0;9.0;25.0;9.0;9.0;9.0;4.0;1.0;9.0;9.0;1.0;7.5625;1;6.25;9.0;1.0;6.25;9.0;1.0;9.0;1.0;1.0;1.0;9.0;25.0;25.0;4.0;9.0;25.0;25.0;16.0;6.25;9.0;4.0;9.0;2.25;6.25;9.0;9.0;25.0;1.0;16.0;9.0;1.0;7.111111111111111;1.0;9.0;1.0;16.0;4.0;2.25;1;16.0;25.0;1.0;25.0;9.0;16.0;4.0;4.0;25.0;16.0
Casaletto Vaprio, Maggiore, 7;4.0;4.0;4.0;9.0;4.0;4.0;4.0;4.0;4.0;9.0;16.0;9.0;4.0;16.0;7.5625;1;6.25;4.0;16.0;6.25;4.0;16.0;4.0;16.0;16.0;16.0;4.0;4.0;4.0;9.0;4.0;4.0;4.0;4.0;6.25;9.0;9.0;4.0;12.25;6.25;4.0;4.0;4.0;16.0;4.0;4.0;16.0;5.444444444444443;16.0;4.0;16.0;1.0;9.0;12.25;1;4.0;4.0;16.0;4.0;4.0;4.0;9.0;9.0;4.0;1.0
Cremona, Sesto 39;1.0;9.0;9.0;4.0;1.0;9.0;1.0;1.0;1.0;4.0;9.0;9.0;1.0;9.0;5.0625;1;2.25;1.0;9.0;2.25;1.0;9.0;1.0;9.0;9.0;9.0;1.0;9.0;9.0;4.0;4.0;9.0;9.0;4.0;2.25;9.0;4.0;1.0;6.25;2.25;1.0;1.0;9.0;9.0;4.0;1.0;9.0;4.0;9.0;1.0;9.0;4.0;4.0;6.25;1;4.0;9.0;9.0;9.0;1.0;4.0;4.0;4.0;9.0;4.0
